# Begin of <27,13,8>/7 WOM code with known write number
Write 1:
   0    0000000 
   1    0000001 
   2    0000010 
   3    0000011 
   4    0000100 
   5    0000101 
   6    0000110 
   7    0001000 
   8    0001001 
   9    0001100 
  10    0010000 
  11    0010001 
  12    0010010 
  13    0010100 
  14    0011000 
  15    0100000 
  16    0100010 
  17    0100100 
  18    0101000 
  19    0110000 
  20    1000000 
  21    1000001 
  22    1000010 
  23    1000100 
  24    1001000 
  25    1010000 
  26    1100000 
Write 2:
   0    0000011 0011100 0100101 0110010 1000110 1010001 1101001 
   1    0000101 0001001 0111100 1001000 1010011 1100110 
   2    0000110 0010010 0011101 0100010 0101000 1001011 1110100 
   3    0000111 0100100 0101001 0110011 1000001 1011100 1100010 
   4    0001011 0101110 0110000 1010101 1011010 1100000 
   5    0001100 0011001 0110110 1000111 1111000 
   6    0001101 0010110 0101010 0110001 1000011 1011000 1100100 
   7    0001110 0011011 0110100 1000101 1010000 1101010 
   8    0010001 0011110 0101011 1001010 1100101 1110000 
   9    0010011 0100110 0111000 1000010 1001101 1010100 1101000 
  10    0010100 0100111 0111001 1001100 1010010 1100001 
  11    0010101 0011010 0100011 0101101 1001110 1110001 
  12    0010111 0011000 0101100 1000100 1001001 1110010 
Write 3:
   0    0010111 0101101 0111110 1001110 1011101 1100111 1110100 1111011 
   1    0011011 0101110 0111101 1001101 1011110 1101011 1110111 1111000 
   2    0011101 0100111 0111011 1001011 1010111 1101101 1110001 1111110 
   3    0011110 0101011 0110111 1000111 1011011 1101110 1110010 1111101 
   4    0011111 0110110 0111001 1010101 1011010 1101111 1110011 1111100 
   5    0101111 0110011 0111100 1011111 1100101 1101010 1110110 1111001 
   6    0111111 1001111 1010011 1011100 1100110 1101001 1110101 1111010 
   7    1111111 
# End of <27,13,8>/7 WOM code with known write number
# Rfixed = 1.285714
# Rsum = 1.636475
