# Begin of <37,17,16>/8 WOM code with known write number
Write 1:
   0    00000000 
   1    00000001 
   2    00000010 
   3    00000011 
   4    00000100 
   5    00000101 
   6    00000110 
   7    00001000 
   8    00001001 
   9    00001010 
  10    00001100 
  11    00010000 
  12    00010001 
  13    00010010 
  14    00010100 
  15    00011000 
  16    00100000 
  17    00100001 
  18    00100010 
  19    00100100 
  20    00101000 
  21    00110000 
  22    01000000 
  23    01000001 
  24    01000010 
  25    01000100 
  26    01001000 
  27    01010000 
  28    01100000 
  29    10000000 
  30    10000001 
  31    10000010 
  32    10000100 
  33    10001000 
  34    10010000 
  35    10100000 
  36    11000000 
Write 2:
   0    00000011 01011010 01100110 01110001 10001101 10010110 11101000 
   1    00000101 00001001 00001110 00111000 01010100 01100011 10010011 10100100 11001000 
   2    00000110 00010101 00101100 01001011 01110010 10000010 10011000 10100001 11000100 
   3    00000111 00010001 00111010 01001100 01010000 01100001 10001001 10110100 11001010 
   4    00001010 00001100 00010010 00100111 00111001 01001000 01010101 10000001 10000100 10001000 10010000 11100010 
   5    00001011 00110110 01000010 01010001 01101100 10011010 10100101 11000000 
   6    00001101 00010110 01000011 01011000 10101010 10110001 11100100 
   7    00001111 00110001 01011100 01100010 10010010 10101100 11000001 
   8    00010011 00101110 01000101 01111000 10010100 10101001 11000010 
   9    00010100 00101000 01001110 01100101 10000111 10011001 10110010 11010000 
  10    00010111 00011000 00101001 00110000 01001010 01100100 10001100 10100010 11010001 
  11    00011001 00100101 00110010 01101000 10001110 10100000 11000011 11010100 
  12    00011010 00100011 00110100 01001101 01110000 10010001 10101000 11000110 
  13    00011011 00111100 01000001 01000110 01100000 10000101 10100011 11011000 
  14    00011100 00100110 01010011 01101001 10001010 10110000 11000101 
  15    00011101 00100100 00101011 01000100 01010010 10000110 11001001 11110000 
  16    00101010 00110101 01001001 01010110 10000011 10011100 11100000 
Write 3:
   0    00001111 00111100 01010110 01100101 01111011 10011010 10101001 10110111 11000011 11011101 11101110 11110000 
   1    00010111 00111010 01001110 01100011 01111101 10011100 10101111 10110001 11000101 11011011 11101000 11110110 
   2    00011011 00110110 01011100 01101111 01110001 10001110 10100011 10111101 11001001 11010111 11100100 11111010 
   3    00011101 00101110 01011010 01101001 01110111 10010110 10100101 10111011 11001111 11010001 11100010 11111100 
   4    00011111 01101011 01110101 10100111 10111001 11001101 11010011 11111110 
   5    00100111 00111001 01001101 01010011 01111110 10011111 10101100 10110010 11000110 11011000 11101011 11110101 
   6    00101011 00110101 01011111 01101100 01110010 10001101 10010011 10111110 11001010 11010100 11100111 11111001 
   7    00101111 01011011 01110110 10010111 10111010 11001110 11100011 11111101 
   8    00110111 01011101 01101110 10001111 10111100 11010110 11100101 11111011 
   9    00111011 01001111 01111100 10011101 10101110 11011010 11101001 11110111 
  10    00111101 01010111 01111010 10011011 10110110 11011100 11101111 11110001 
  11    00111110 01100111 01111001 10101011 10110101 11011111 11101100 11110010 
  12    00111111 01001011 01010101 01100110 01111000 10000111 10011001 10101010 10110100 11011110 11101101 11110011 
  13    01011110 01101101 01110011 10111111 11001011 11010101 11100110 11111000 
  14    01111111 10011110 10101101 10110011 11000111 11011001 11101010 11110100 
  15    11111111 
# End of <37,17,16>/8 WOM code with known write number
# Rfixed = 1.500000
# Rsum = 1.662115
