# Begin of <7,14,8>/6 WOM code with known write number
Write 1:
   0    000000 
   1    000001 
   2    000010 
   3    000100 
   4    001000 
   5    010000 
   6    100000 
Write 2:
   0    000001 000100 011000 100010 
   1    000010 010101 101000 
   2    000011 010000 101100 
   3    000101 001000 110010 
   4    000110 001001 110000 
   5    000111 111000 
   6    001010 010001 100100 
   7    001011 010100 100000 
   8    001100 010010 100001 
   9    001110 110001 
  10    010110 101001 
  11    011001 100110 
  12    011010 100101 
  13    011100 100011 
Write 3:
   0    000111 011001 101011 110101 111110 
   1    001011 010101 011110 100111 101100 110010 111001 
   2    001110 011011 101001 110111 111100 
   3    001111 011010 100011 110110 111101 
   4    010110 011101 101111 110001 111010 
   5    010111 011100 100101 101110 111011 
   6    011111 100110 101101 110011 111000 
   7    111111 
# End of <7,14,8>/6 WOM code with known write number
# Rfixed = 1.403677
# Rsum = 1.602452
