# Begin of <7,5,5,3,4>/6 WOM code with known write number
Write 1:
   0    000000 
   1    000001 
   2    000010 
   3    000100 
   4    001000 
   5    010000 
   6    100000 
Write 2:
   0    000001 000100 001000 010010 100000 
   1    000010 010100 011000 100001 
   2    000101 001010 110000 
   3    000110 010001 101000 
   4    001001 001100 010000 100010 
Write 3:
   0    000101 000110 001011 010011 011000 100011 101100 110100 
   1    000111 001001 010010 011100 101010 110001 
   2    001010 001101 010001 010110 100001 100010 111000 
   3    001100 010101 011010 100110 101001 110000 
   4    001110 010100 011001 100101 101000 110010 
Write 4:
   0    000111 001011 001110 010110 011101 100110 101101 110011 110100 111010 
   1    001101 010111 011001 011010 011100 101011 101110 110010 110101 111000 
   2    001111 010101 011011 100011 100101 101001 101010 110001 110110 111100 
Write 5:
   0    001111 010111 101110 110110 111011 111101 
   1    011011 011101 101111 110111 111010 111100 
   2    011111 101011 101101 110011 110101 111110 
   3    111111 
# End of <7,5,5,3,4>/6 WOM code with known write number
# Rfixed = 1.320802
# Rsum = 1.839362
