# Begin of <7,5,5,3,3,2>/6 WOM code with known write number
Write 1:
   0    000000 
   1    000001 
   2    000010 
   3    000100 
   4    001000 
   5    010000 
   6    100000 
Write 2:
   0    000001 001100 010010 100000 
   1    000010 000101 001000 110000 
   2    000011 011000 100100 
   3    000100 001001 010000 100010 
   4    000110 010001 101000 
Write 3:
   0    000011 001101 011010 100110 101000 110001 
   1    000101 001001 001100 010001 010110 100011 100100 111000 
   2    000110 001011 010010 010101 011100 101010 110100 
   3    000111 001010 011001 101100 110010 
   4    001110 010011 011000 100010 100101 101001 110000 
Write 4:
   0    000111 011101 011110 100110 101011 101100 110011 110101 111000 
   1    001011 001101 010111 011001 011100 100011 100101 101001 101110 110001 110100 111010 
   2    001111 010011 010101 010110 011010 100111 101010 110010 111001 111100 
Write 5:
   0    001111 011011 011101 101011 110111 111001 111110 
   1    010111 011110 101111 110011 111010 111101 
   2    011111 100111 101101 101110 110101 111011 111100 
Write 6:
   0    011111 101111 110111 111011 111101 111110 
   1    111111 
# End of <7,5,5,3,3,2>/6 WOM code with known write number
# Rfixed = 1.000000
# Rsum = 1.936856
