# Begin of <7,5,10,4>/6 WOM code with known write number
Write 1:
   0    000000 
   1    000001 
   2    000010 
   3    000100 
   4    001000 
   5    010000 
   6    100000 
Write 2:
   0    000001 001010 010000 100100 
   1    000010 000100 001001 110000 
   2    000011 010100 101000 
   3    000101 001000 010010 100000 
   4    001100 010001 100010 
Write 3:
   0    000011 011101 100100 111010 
   1    000101 011011 100010 111100 
   2    000111 001110 011001 101000 110110 
   3    001001 010111 101110 110000 
   4    001010 010100 101101 110011 
   5    001011 010101 101100 110010 
   6    001100 010010 101011 110101 
   7    001101 010011 101010 110100 
   8    001111 010001 010110 100110 111000 
   9    011010 011100 100011 100101 101001 110001 
Write 4:
   0    001111 010111 101110 110110 111011 111101 
   1    011011 011101 101111 110111 111010 111100 
   2    011111 101011 101101 110011 110101 111110 
   3    111111 
# End of <7,5,10,4>/6 WOM code with known write number
# Rfixed = 1.333333
# Rsum = 1.741869
