# Begin of <8,7,6,7,4>/7 WOM code with known write number
Write 1:
   0    0000000 
   1    0000001 
   2    0000010 
   3    0000100 
   4    0001000 
   5    0010000 
   6    0100000 
   7    1000000 
Write 2:
   0    0000001 0001010 0010100 1100000 
   1    0000010 0001001 0100100 1010000 
   2    0000011 0010000 0101000 1000100 
   3    0000100 0011000 0100001 1000010 
   4    0000101 0010010 0100000 1001000 
   5    0000110 0001000 0110000 1000001 
   6    0001100 0010001 0100010 1000000 
Write 3:
   0    0000011 0000110 0001101 0011010 0100001 0101000 0110100 1000100 1001000 1010001 1100010 
   1    0000101 0001010 0001100 0010011 0010100 0100010 0100100 0101001 0110000 1000001 1000110 1011000 1100000 
   2    0000111 0011100 0101010 0110001 1001001 1010010 1100100 
   3    0001001 0010001 0010110 0011000 0100011 0101100 1000101 1001010 1110000 
   4    0001011 0010010 0010101 0100110 0111000 1000010 1001100 1010000 1100001 
   5    0001110 0011001 0100101 0110010 1000011 1010100 1101000 
Write 4:
   0    0000111 0011110 0100110 0110100 0111011 1000110 1001011 1010010 1010101 1100010 1101101 1111000 
   1    0001011 0010110 0011100 0101110 0110011 1000111 1001101 1011010 1100011 1110101 1111001 
   2    0001111 0101011 0110101 0111110 1010100 1011011 1100101 1100110 1101100 1110000 
   3    0010111 0011001 0011010 0101111 1000101 1001001 1001110 1110011 1111100 
   4    0011011 0100111 0101001 0110110 0111000 1010011 1011101 1101110 1110001 
   5    0011101 0101100 0110111 1001111 1010001 1101001 1110100 1111010 
   6    0011111 0101101 0110001 0111100 1011001 1011100 1100111 1101010 1110010 
Write 5:
   0    0011111 0110111 0111110 1011101 1101111 1110101 1111011 1111100 
   1    0101111 0111011 1011111 1101101 1110111 1111001 1111110 
   2    0111111 1001111 1011011 1100111 1101110 1110011 1111010 1111101 
   3    1111111 
# End of <8,7,6,7,4>/7 WOM code with known write number
# Rfixed = 1.428571
# Rsum = 1.885667
