# Begin of <8,7,6,4,3,3,2>/7 WOM code with known write number
Write 1:
   0    0000000 
   1    0000001 
   2    0000010 
   3    0000100 
   4    0001000 
   5    0010000 
   6    0100000 
   7    1000000 
Write 2:
   0    0000001 0001010 0100100 1010000 
   1    0000010 0001001 0110000 1000100 
   2    0000011 0010100 0100000 1001000 
   3    0000100 0011000 0100010 1000001 
   4    0000101 0010010 0101000 1000000 
   5    0000110 0001000 0010001 1100000 
   6    0001100 0010000 0100001 1000010 
Write 3:
   0    0000011 0001110 0010010 0010101 0100001 0100010 0111000 1000010 1001001 1010000 1100100 
   1    0000101 0000110 0001010 0001100 0010011 0010100 0100100 0101001 0110000 1000001 1000100 1011000 1100010 
   2    0000111 0001001 0010001 0011000 0101100 0110010 1001010 1010100 1100001 
   3    0001011 0011100 0100110 0101000 0110001 1000101 1001000 1010010 1100000 
   4    0001101 0011010 0100011 0110100 1000110 1010001 1101000 
   5    0010110 0011001 0100101 0101010 1000011 1001100 1110000 
Write 4:
   0    0000111 0011001 0011110 0101011 0101100 0110010 0110101 1001010 1001101 1010011 1010101 1100001 1100110 1111000 
   1    0001011 0001110 0010011 0011101 0100011 0100101 0101001 0110110 0111010 1000111 1001001 1010100 1011010 1100010 1101100 1110001 
   2    0001101 0010111 0011011 0100111 0101110 0110001 0110100 0111000 1000101 1000110 1001011 1010001 1011100 1100100 1101001 1110010 
   3    0001111 0010101 0011010 0100110 0110011 0111001 0111100 1000011 1001100 1010110 1011001 1100101 1101010 1110000 
Write 5:
   0    0001111 0011011 0110111 0111001 0111110 1000111 1010011 1010110 1011010 1011101 1100101 1100110 1101011 1101100 1110001 1110010 1111000 
   1    0010111 0011101 0011110 0100111 0101110 0111011 1001111 1011011 1101001 1101010 1110101 1110110 1111100 
   2    0011111 0101011 0101101 0110011 0110101 0110110 0111100 1001011 1001101 1010111 1011100 1100111 1101110 1110100 1111001 1111010 
Write 6:
   0    0011111 0111110 1001111 1011101 1101101 1101110 1110111 1111011 1111100 
   1    0110111 0111011 0111101 1011111 1100111 1101011 1110101 1111001 1111110 
   2    0111111 1010111 1011011 1011110 1101111 1110110 1111010 1111101 
Write 7:
   0    0111111 1011111 1101111 1110111 1111011 1111101 1111110 
   1    1111111 
# End of <8,7,6,4,3,3,2>/7 WOM code with known write number
# Rfixed = 1.000000
# Rsum = 2.080320
