# Begin of <8,7,12,8>/7 WOM code with known write number
Write 1:
   0    0000000 
   1    0000001 
   2    0000010 
   3    0000100 
   4    0001000 
   5    0010000 
   6    0100000 
   7    1000000 
Write 2:
   0    0000001 0011000 0100100 1000010 
   1    0000010 0001100 0100001 1010000 
   2    0000011 0000100 0110000 1001000 
   3    0000101 0001000 0010010 1100000 
   4    0000110 0010000 0101000 1000001 
   5    0001001 0010100 0100010 1000000 
   6    0001010 0010001 0100000 1000100 
Write 3:
   0    0000011 0010100 0011001 0100101 0101000 1000001 1001110 1110010 
   1    0000101 0001100 0011011 0110000 1010100 1100110 1101001 
   2    0000110 0010011 0011100 0111001 1010000 1100101 1101010 
   3    0000111 0001001 0101010 0110110 1000010 1011100 1110001 
   4    0001010 0010111 0011000 0100110 0101001 1000011 1001100 1110000 
   5    0001011 0010110 0101100 0110001 1000101 1011000 1100010 
   6    0001101 0011010 0100011 0110100 1000110 1010001 1101000 
   7    0001110 0100001 0110010 0111000 1001011 1010101 1100100 
   8    0010001 0100111 0111100 1000100 1001001 1001010 1010010 1100000 
   9    0010010 0011101 0100100 0101011 1000111 1111000 
  10    0010101 0101110 0110011 1001101 1011010 1100001 
  11    0011110 0100010 0101101 1001000 1010011 1110100 
Write 4:
   0    0010111 0101101 0111110 1001110 1011101 1100111 1110100 1111011 
   1    0011011 0101110 0111101 1001101 1011110 1101011 1110111 1111000 
   2    0011101 0100111 0111011 1001011 1010111 1101101 1110001 1111110 
   3    0011110 0101011 0110111 1000111 1011011 1101110 1110010 1111101 
   4    0011111 0110110 0111001 1010101 1011010 1101111 1110011 1111100 
   5    0101111 0110011 0111100 1011111 1100101 1101010 1110110 1111001 
   6    0111111 1001111 1010011 1011100 1100110 1101001 1110101 1111010 
   7    1111111 
# End of <8,7,12,8>/7 WOM code with known write number
# Rfixed = 1.604203
# Rsum = 1.770331
