# Begin of <8,7,6,4,3,4>/7 WOM code with known write number
Write 1:
   0    0000000 
   1    0000001 
   2    0000010 
   3    0000100 
   4    0001000 
   5    0010000 
   6    0100000 
   7    1000000 
Write 2:
   0    0000001 0011000 0100010 1000100 
   1    0000010 0001100 0010001 1100000 
   2    0000011 0010100 0101000 1000000 
   3    0000100 0001001 0110000 1000010 
   4    0000101 0010010 0100000 1001000 
   5    0000110 0001000 0100001 1010000 
   6    0001010 0010000 0100100 1000001 
Write 3:
   0    0000011 0001101 0010001 0010110 0100010 0100100 0111000 1000100 1001010 1010000 1100001 
   1    0000101 0001011 0010010 0010100 0011000 0100001 0100110 0101000 0110000 1000010 1001100 1010001 1100000 
   2    0000110 0001010 0001100 0011001 0100101 0110010 1000011 1010100 1101000 
   3    0000111 0001001 0011100 0101010 0110001 1000001 1001000 1010010 1100100 
   4    0001110 0010011 0101001 0110100 1000101 1011000 1100010 
   5    0010101 0011010 0100011 0101100 1000110 1001001 1110000 
Write 4:
   0    0000111 0011011 0011100 0101011 0101101 0110001 0110110 1000011 1001001 1001110 1010010 1010101 1100001 1100010 1100100 1111000 
   1    0001011 0001110 0010110 0011101 0100111 0110011 0111100 1000111 1001100 1010001 1011010 1101001 1101010 1110100 
   2    0001101 0010111 0011010 0100011 0101110 0110100 0111001 1000110 1001011 1011100 1100101 1101000 1110001 1110010 
   3    0001111 0011110 0101001 0110101 0111010 1000101 1001010 1010011 1010100 1011001 1100011 1100110 1101100 1110000 
Write 5:
   0    0001111 0011101 0011110 0101011 0101101 0110111 0111010 1000111 1010101 1011011 1100011 1100101 1101110 1110010 1111001 1111100 
   1    0010111 0100111 0110101 0111011 0111110 1001111 1011010 1011101 1100110 1101010 1101101 1110011 1110100 1111000 
   2    0011111 0101111 0110011 0110110 0111001 0111100 1001011 1001110 1010011 1011001 1011100 1100111 1101001 1101100 1110101 1111010 
Write 6:
   0    0011111 0110111 0111110 1011101 1101111 1110101 1111011 1111100 
   1    0101111 0111011 1011111 1101101 1110111 1111001 1111110 
   2    0111111 1001111 1011011 1100111 1101110 1110011 1111010 1111101 
   3    1111111 
# End of <8,7,6,4,3,4>/7 WOM code with known write number
# Rfixed = 1.358539
# Rsum = 1.996754
