# Begin of <9,29,10,8>/8 WOM code with known write number
Write 1:
   0    00000000 
   1    00000001 
   2    00000010 
   3    00000100 
   4    00001000 
   5    00010000 
   6    00100000 
   7    01000000 
   8    10000000 
Write 2:
   0    00000001 00010000 01000110 10101000 
   1    00000010 00001100 01100000 10010001 
   2    00000011 00111000 11000100 
   3    00000100 00100000 01011000 10000011 
   4    00000101 00011010 11100000 
   5    00000110 00110001 11001000 
   6    00000111 01110000 10001000 
   7    00001000 00010110 01000000 10100001 
   8    00001001 01100100 10010010 
   9    00001010 01010001 10100100 
  10    00001011 00100100 11010000 
  11    00001101 01000010 10110000 
  12    00001110 00110000 11000001 
  13    00010001 00100110 01001000 10000000 
  14    00010010 01101000 10000101 
  15    00010011 00101100 11000000 
  16    00010100 01100010 10001001 
  17    00010101 01001010 10100000 
  18    00011000 01100001 10000110 
  19    00011001 01000100 10100010 
  20    00011100 00100001 11000010 
  21    00100010 01000101 10011000 
  22    00100011 01001100 10010000 
  23    00100101 01010000 10001010 
  24    00101000 01000011 10010100 
  25    00101001 01010010 10000100 
  26    00101010 01010100 10000001 
  27    00110010 01000001 10001100 
  28    00110100 01001001 10000010 
Write 3:
   0    00001011 00010011 00100011 00111110 01001100 01010100 01100100 01111001 10001101 10101100 10110101 11000111 11011010 11100010 
   1    00001111 00110110 01000110 01011101 01101000 01110011 10000111 10101101 10111010 11001010 11010101 11100100 
   2    00010110 00011101 00100101 00101001 00110011 01000111 01001110 01010010 01011001 01100010 01110100 10010101 10011011 10101110 11000110 11100001 11111000 
   3    00010111 00101011 00110001 01010001 01011110 01100110 01101101 10000101 10001010 10011001 10100001 10110110 10111000 11000011 11001100 11010100 11110000 
   4    00011010 00100111 00101010 01001111 01010101 01011000 01100001 01101100 10001110 10010111 10011100 10110100 10111001 11000001 11000100 11001000 11110010 
   5    00011011 00101101 00110111 00111010 01010011 01011100 01101001 01110010 10010011 10011000 10100010 10101001 11000101 11001110 11110100 
   6    00011110 00110010 00111101 01001011 01100111 01111000 10000110 10001001 10100101 10101010 10110000 11010011 11011100 11100000 
   7    00101110 00110100 00111001 01001101 01010111 01011010 01100011 01110001 10001011 10010001 10011110 10110010 11010010 11100101 11101000 
   8    00101111 00111100 01011011 01100101 01110110 10000011 10011010 10011101 10100110 10110001 11000010 11010001 11101100 
   9    00110101 00111011 01000011 01000101 01001001 01001010 01010110 01111100 10001111 10010110 10101000 11011000 11100110 11110001 
Write 4:
   0    00101111 00111011 01011110 01110111 10010111 10111110 11001111 11011011 11100110 11110010 11111101 
   1    00110111 01011101 01101111 01111011 10001111 10011011 10111101 11010111 11100101 11110001 11111110 
   2    00111101 01010111 01111110 10011110 10110111 11011101 11101111 11110100 11111011 
   3    00111110 01001111 01011011 01111101 10011101 10101111 10111011 11011110 11101100 11110111 11111000 
   4    00111111 01100111 01110011 01111100 10101110 10110101 10111010 11011111 11101101 11110110 11111001 
   5    01011111 01101101 01110110 01111001 10111111 11001110 11010101 11011010 11100111 11110011 11111100 
   6    01111111 10011111 10101101 10110110 10111001 11000111 11010011 11011100 11101110 11110101 11111010 
   7    11111111 
# End of <9,29,10,8>/8 WOM code with known write number
# Rfixed = 1.500000
# Rsum = 1.793729
