# Begin of <9,29,6,4,3,4>/8 WOM code with known write number
Write 1:
   0    00000000 
   1    00000001 
   2    00000010 
   3    00000100 
   4    00001000 
   5    00010000 
   6    00100000 
   7    01000000 
   8    10000000 
Write 2:
   0    00000001 00001110 01010000 10100000 
   1    00000010 00011100 01100001 10000000 
   2    00000011 00000100 01001000 10110000 
   3    00000101 01101000 10010010 
   4    00000110 01010001 10101000 
   5    00000111 01100000 10011000 
   6    00001000 00100110 01000000 10010001 
   7    00001001 01010100 10100010 
   8    00001010 00010101 11100000 
   9    00001011 01110000 10000100 
  10    00001100 01010010 10100001 
  11    00001101 00100010 11010000 
  12    00010000 00100000 01001001 10000110 
  13    00010001 01100010 10001100 
  14    00010010 00100101 11001000 
  15    00010011 00101100 11000000 
  16    00010100 00101001 11000010 
  17    00010110 00101000 11000001 
  18    00011000 00100011 11000100 
  19    00011001 01100100 10000010 
  20    00011010 01000001 10100100 
  21    00100001 01001010 10010100 
  22    00100100 01011000 10000011 
  23    00101010 01000101 10010000 
  24    00110000 01000110 10001001 
  25    00110001 01000100 10001010 
  26    00110010 01001100 10000001 
  27    00110100 01000011 10001000 
  28    00111000 01000010 10000101 
Write 3:
   0    00000111 00010011 00010101 00011010 00100101 00100110 00101011 00110010 00111100 01001010 01001101 01010110 01011000 01100010 01101000 01110001 10000101 10001110 10010010 10010100 10011001 10100001 10100010 10101000 10110000 11000011 11001000 11010000 11100100 
   1    00001011 00011101 00101110 00110011 00110100 01000111 01010100 01011010 01100100 01101001 01110000 10000011 10001001 10001010 10010110 10100101 10111000 11001100 11010001 11100010 
   2    00001101 00001110 00010110 00011011 00011100 00100011 00101010 00101100 00110101 01000011 01000101 01001001 01001100 01010001 01010010 01100001 01100110 01111000 10000111 10001100 10010001 10011000 10100100 10101001 10110010 11000001 11001010 11010100 11100000 
   3    00001111 00110110 00111001 01000110 01010011 01011100 01100101 01101010 10000110 10010101 10011010 10100011 10101100 11000010 11000100 11001001 11110000 
   4    00010111 00101101 00111010 01001110 01011001 01100011 01110100 10001011 10011100 10100110 10110001 11000101 11010010 11101000 
   5    00011001 00011110 00100111 00101001 00110001 00111000 01001011 01010101 01101100 01110010 10001101 10010011 10101010 10110100 11000110 11011000 11100001 
Write 4:
   0    00001111 00100111 00111101 00111110 01000111 01010101 01010110 01011011 01011100 01101101 01101110 01110011 10010111 10011110 10100101 10101011 10101100 10110010 10111001 11001010 11001101 11010001 11010010 11100011 11100110 11110100 11111000 
   1    00010111 00011011 00011110 00101011 00101101 00101110 00110011 00111100 01001111 01011010 01100011 01110101 01110110 01111001 10001110 10010110 10011101 10100111 10101001 10110101 10111010 11000101 11000110 11001011 11010011 11011100 11100001 11101010 11101100 11110000 
   2    00011101 00101111 00110111 00111001 00111010 01001101 01010111 01011001 01011110 01100110 01101011 01101100 01110001 01110100 01111000 10000111 10001101 10011011 10100011 10101010 10110001 10110110 10111100 11000011 11001110 11010101 11011000 11100101 11101001 11110010 
   3    00011111 00110101 00110110 00111011 01001011 01001110 01010011 01011101 01100111 01101001 01101010 01110010 01111100 10001011 10010101 10011100 10101101 10101110 10110011 10110100 10111000 11000111 11001100 11010110 11011001 11011010 11100010 11100100 11101000 11110001 
Write 5:
   0    00011111 00111011 00111101 01010111 01011101 01011110 01101111 01110101 01110110 01111001 10011101 10101011 10110111 10111001 10111110 11000111 11001110 11010101 11010110 11011011 11100110 11101010 11101101 11110011 11111100 
   1    00101111 00110111 00111110 01011111 01100111 01101011 01110011 01111101 10011110 10100111 10111011 10111101 11001011 11001101 11010111 11011001 11011010 11011100 11100011 11100101 11101001 11101110 11110001 11110110 11111000 
   2    00111111 01001111 01011011 01101101 01101110 01110111 01111100 10010111 10011011 10101101 10101110 10110011 10110101 10110110 10111010 10111100 11010011 11011101 11011110 11100111 11101011 11101100 11110010 11110100 11111001 
Write 6:
   0    00111111 01011111 01101111 10111011 10111110 11011011 11011110 11101011 11101110 11110111 11111101 
   1    01110111 01111101 10111111 11011111 11101111 11110011 11110110 11111001 11111100 
   2    01111111 10110111 10111101 11010111 11011101 11100111 11101101 11111011 11111110 
   3    11111111 
# End of <9,29,6,4,3,4>/8 WOM code with known write number
# Rfixed = 1.188722
# Rsum = 2.024729
