# Begin of <9,8,6,6,4,3,3,2>/8 WOM code with known write number
Write 1:
   0    00000000 
   1    00000001 
   2    00000010 
   3    00000100 
   4    00001000 
   5    00010000 
   6    00100000 
   7    01000000 
   8    10000000 
Write 2:
   0    00000001 00010010 00100100 01001000 10000000 
   1    00000010 00000101 00110000 01000000 10001000 
   2    00000011 00001000 00100000 01000100 10010000 
   3    00000100 00001010 00010000 01100000 10000001 
   4    00000110 00011000 01000001 10100000 
   5    00001001 00010100 00100010 11000000 
   6    00001100 00100001 01010000 10000010 
   7    00010001 00101000 01000010 10000100 
Write 3:
   0    00000110 00001101 00011010 00100011 00110000 01000010 01001000 01010001 01100100 10000001 10000010 10010100 10101000 11000000 
   1    00000111 00011001 00101010 00110100 01001100 01010010 01100001 10001100 10010010 10100000 11000001 
   2    00001001 00001110 00010110 00100101 00101000 01000011 01011000 01110000 10001000 10010001 10100010 11000100 
   3    00001010 00010010 00101100 00110001 01000110 01001001 01010100 01100010 10000011 10000101 10011000 11100000 
   4    00001011 00010101 00011100 00100110 00110010 01000001 01000100 01101000 10000100 10001010 10100001 11000010 11010000 
   5    00001100 00010011 00010100 00100001 00100010 00100100 00111000 01000101 01001010 01010000 01100000 10000110 10001001 10110000 11001000 
Write 4:
   0    00000111 00010101 00011011 00101110 00110001 00110100 00111000 01000011 01000110 01001001 01001010 01011100 01100101 01110010 10001010 10001101 10010110 10011000 10100011 10110000 11000010 11000100 11010001 11101000 
   1    00001011 00011101 00100011 00101010 00110110 01000111 01011010 01101100 01110001 10001110 10010011 10100101 10111000 11001001 11010100 11100010 
   2    00001101 00010111 00011001 00100101 00101011 00110010 00111100 01000101 01001110 01010001 01010010 01010100 01011000 01100010 01101001 01110000 10000101 10001001 10001100 10010100 10011010 10100110 10101000 10110001 11000011 11001000 11010000 11100100 
   3    00001110 00010110 00011010 00011100 00101101 00110011 01001011 01010101 01100110 01111000 10000111 10011001 10101010 10110100 11001100 11010010 11100001 
   4    00001111 00010011 00100110 00101100 00110101 00111010 01001100 01010110 01011001 01100011 01100100 01101000 10000011 10000110 10010001 10010010 10011100 10100010 10101001 11000101 11001010 11110000 
   5    00011110 00100111 00111001 01001101 01010011 01100001 01101010 01110100 10001011 10010101 10100001 10101100 10110010 11000001 11000110 11011000 11100000 
Write 5:
   0    00001111 00011101 00011110 00101110 00110111 00111001 01001011 01010111 01011001 01101101 01111010 01111100 10000111 10010110 10011011 10101011 10101101 10110101 10111010 11000101 11001001 11001110 11010010 11011100 11100011 11100110 11101000 11110001 
   1    00010111 00101111 00111110 01001111 01010110 01011011 01011100 01100011 01100110 01101010 01110010 01110101 01111001 10001011 10001110 10011101 10100101 10101010 10110011 10110110 10111000 11000111 11010101 11011010 11100010 11101001 11101100 11110000 
   2    00011111 00101011 00101101 00110101 00110110 00111010 00111100 01011010 01011101 01100111 01101001 01101110 01110011 01111000 10010011 10010101 10011110 10100111 10101100 10110010 10111001 11001011 11001101 11010001 11010110 11011000 11100001 11101010 11110100 
   3    00100111 00111011 00111101 01000111 01001101 01010011 01010101 01011110 01101011 01101100 01110001 01110110 10001111 10010111 10011010 10011100 10100011 10101001 10101110 10110001 10110100 11000011 11000110 11001010 11001100 11010100 11011001 11100101 11110010 11111000 
Write 6:
   0    00011111 00101111 00111101 01010111 01011101 01100111 01110101 01111011 01111110 10011011 10011101 10101011 10101110 10110111 10111010 11001111 11010101 11011110 11100011 11100110 11101010 11101101 11110010 11110100 11111001 
   1    00110111 00111011 00111110 01011111 01101011 01101110 01110011 01110110 01111101 10011111 10101111 10110011 10110110 10111001 11001011 11001101 11001110 11010110 11011001 11011100 11100111 11101001 11101100 11110101 11111010 
   2    00111111 01001111 01011011 01011110 01101101 01110111 01111001 01111010 01111100 10001111 10010111 10011110 10100111 10101101 10110101 10111011 11000111 11011010 11011101 11100101 11101011 11101110 11110001 11110110 11111000 
Write 7:
   0    00111111 01111101 01111110 10101111 10111110 11011111 11101101 11101110 11110111 11111011 
   1    01011111 01101111 01110111 01111011 10111111 11001111 11100111 11101011 11111101 11111110 
   2    01111111 10011111 10110111 10111011 10111101 11011011 11011101 11011110 11101111 11110011 11110101 11110110 11111001 11111010 
Write 8:
   0    01111111 10111111 11011111 11101111 11110111 11111011 11111101 11111110 
   1    11111111 
# End of <9,8,6,6,4,3,3,2>/8 WOM code with known write number
# Rfixed = 1.000000
# Rsum = 2.188722
