# Begin of <9,8,6,6,4,3,4>/8 WOM code with known write number
Write 1:
   0    00000000 
   1    00000001 
   2    00000010 
   3    00000100 
   4    00001000 
   5    00010000 
   6    00100000 
   7    01000000 
   8    10000000 
Write 2:
   0    00000001 00001010 00100000 01010000 10000100 
   1    00000010 00001000 00010100 01000001 10100000 
   2    00000011 00001100 00110000 11000000 
   3    00000100 00011000 00100001 01000010 10000000 
   4    00000101 00010010 01100000 10001000 
   5    00000110 00010000 00101000 01000000 10000001 
   6    00001001 00100010 01000100 10010000 
   7    00010001 00100100 01001000 10000010 
Write 3:
   0    00000011 00011100 00101010 00110001 01000101 01001000 01010010 01100000 10000110 10001001 10010000 10100100 11000000 
   1    00000110 00001001 00010001 00010100 00100011 00100101 00111000 01000100 01001010 01010000 10001100 10010010 11000001 11100000 
   2    00000111 00010010 00011000 00101001 00110100 01000001 01001100 01100010 10000100 10001010 10010001 10100000 11010000 
   3    00001010 00001101 00010110 00100110 01000010 01010001 01011000 01100001 10000011 10101000 10110000 11000100 
   4    00001110 00010011 00100010 00100100 00110000 01001001 01010100 01101000 10000101 10011000 10100001 11000010 
   5    00010101 00011001 00011010 00100001 00101100 01000011 01000110 01110000 10000001 10010100 10100010 11001000 
Write 4:
   0    00000111 00010011 00010101 00011010 00101110 00110100 00111001 01001101 01010110 01011000 01100011 01101000 01110000 10000011 10000110 10001001 10011100 10100101 10101000 10110010 11000100 11001010 11010001 11100000 
   1    00001011 00001110 00010110 00011001 00100111 00110001 00111100 01000011 01001100 01010101 01011010 01100010 01101001 10001101 10010011 10010100 10011000 10100001 10100100 10101010 11000001 11000110 11001000 11110000 
   2    00001101 00011110 00100101 00101001 00101100 00110011 01000111 01010010 01011001 01101010 01110100 10001011 10010010 10010101 10100110 10111000 11000010 11001100 11010000 11100001 
   3    00001111 00011011 00011100 00100011 00100110 00101010 00110101 00111000 01000101 01000110 01001001 01001010 01010001 01010100 01100001 01101100 01110010 10000101 10001010 10001100 10010001 10010110 10100010 10101001 10110000 11000011 11011000 11100100 
   4    00010111 00101101 00111010 01001011 01011100 01100110 01110001 10001110 10011001 10100011 10110100 11000101 11010010 11101000 
   5    00011101 00101011 00110110 01001110 01010011 01100101 01111000 10000111 10011010 10101100 10110001 11001001 11010100 11100010 
Write 5:
   0    00001111 00011101 00110111 00111001 00111110 01010101 01011011 01100111 01101010 01101101 01110010 01110100 10010111 10011001 10011010 10100110 10101011 10101101 10110010 10110100 11000011 11000101 11001001 11001110 11010110 11011100 11100010 11100100 11110001 11111000 
   1    00010111 00011011 00100111 00110011 00111101 01001111 01010011 01011110 01101011 01110001 01110110 01111000 10000111 10001011 10001101 10010011 10010110 10011100 10101001 10101110 10110101 10111010 11000110 11001010 11010010 11010101 11011001 11100011 11100101 11101100 11110000 
   2    00011110 00101111 00110101 00111010 00111100 01001011 01001101 01001110 01010111 01011100 01100101 01100110 01101100 01110011 01111001 10001110 10011011 10011101 10100011 10100101 10101100 10110001 10110110 10111000 11000111 11001100 11010001 11011010 11101001 11101010 11110100 
   3    00011111 00101101 00110110 00111011 01000111 01010110 01011001 01011010 01100011 01101001 01101110 01110101 01111100 10010101 10011110 10100111 10101010 10111001 10111100 11001011 11001101 11010011 11010100 11011000 11100001 11100110 11101000 11110010 
Write 6:
   0    00011111 00111101 00111110 01010111 01011011 01101111 01110101 01110110 01111001 10011101 10101110 10110111 10111011 11000111 11001011 11010101 11011001 11011110 11100110 11101010 11101101 11110011 11111100 
   1    00101111 00110111 00111011 01011111 01101110 01110011 01111101 10010111 10011011 10101101 10110011 10110101 10111001 10111110 11001110 11010011 11011010 11011101 11100111 11101011 11101100 11110001 11110110 11111000 
   2    00111111 01001111 01011101 01011110 01101011 01101101 01110111 01111100 10011110 10100111 10101011 10110110 10111010 10111101 11001101 11010111 11011011 11011100 11100011 11100101 11101110 11110010 11110100 11111001 
Write 7:
   0    00111111 01011111 01101111 10111011 10111110 11011011 11011110 11101011 11101110 11110111 11111101 
   1    01110111 01111101 10111111 11011111 11101111 11110011 11110110 11111001 11111100 
   2    01111111 10110111 10111101 11010111 11011101 11100111 11101101 11111011 11111110 
   3    11111111 
# End of <9,8,6,6,4,3,4>/8 WOM code with known write number
# Rfixed = 1.386842
# Rsum = 2.115602
