# Begin of <9,8,7,10,8>/8 WOM code with known write number
Write 1:
   0    00000000 
   1    00000001 
   2    00000010 
   3    00000100 
   4    00001000 
   5    00010000 
   6    00100000 
   7    01000000 
   8    10000000 
Write 2:
   0    00000001 00010010 00100100 01000000 10001000 
   1    00000010 00000100 00110000 01001000 10000001 
   2    00000011 00101000 01000100 10010000 
   3    00000101 00011000 00100010 11000000 
   4    00000110 00001001 01010000 10100000 
   5    00001000 00010100 00100001 01000010 10000000 
   6    00001010 00010000 00100000 01000001 10000100 
   7    00001100 00010001 01100000 10000010 
Write 3:
   0    00000011 00011100 00100100 00101010 00110001 01000110 01001001 01010000 10000101 10001000 10010010 11100000 
   1    00000101 00001110 00011000 00101001 00110010 01000011 01010100 01100000 10000010 10010001 10100100 11001000 
   2    00000110 00001001 00011010 00100101 00110000 01001100 01010001 01100010 10000011 10010100 10101000 11000000 
   3    00000111 00001010 00011001 00100001 00110100 01000100 01010010 01101000 10001100 10010000 10100010 11000001 
   4    00001011 00010001 00010110 00100010 00101100 01000101 01001000 01110000 10000100 10011000 10100001 11000010 
   5    00001100 00010010 00010101 00100011 00111000 01000001 01001010 01100100 10000110 10001001 10100000 11010000 
   6    00001101 00010011 00010100 00100110 00101000 01000010 01011000 01100001 10000001 10001010 10110000 11000100 
Write 4:
   0    00001011 00011010 00110110 01001110 01011101 01100100 01110011 10010001 10010110 10101010 10101101 11000111 11111000 
   1    00001111 00010111 00111001 00111110 01001001 01001010 01100111 01101000 10000101 10001010 10100110 10101001 11010011 11011100 11110000 
   2    00010011 00101111 01000110 01001011 01010101 01100001 01101100 10000011 10011110 10110100 10111001 11000101 11011000 11110010 
   3    00011001 00110010 00111100 01010111 01100011 01101101 01110100 10001011 10010101 10101110 11000100 11011010 11110001 
   4    00011011 00100111 00101110 01000101 01010010 01100010 01111001 10011101 10100001 10101000 10110110 11000011 11001110 11110100 
   5    00011101 00100110 00111011 01000111 01011001 01011010 01111100 10001001 10001110 10010111 10111000 11001000 11010000 11100010 11100101 
   6    00011110 00101011 00110101 01001101 01010011 01100110 01111000 10000111 10011001 10101100 10110010 11001010 11010100 11100001 
   7    00100011 00101001 00111010 01011011 01100101 01110110 10001111 10011100 10100010 10110101 11000001 11010010 11101100 
   8    00101010 00110011 00111101 01001111 01010110 01011100 01110001 10001101 10010011 10010100 10011010 10110001 11010001 11100110 11101000 
   9    00101101 00110111 01000011 01011110 01101001 01110010 10011011 10100101 10111010 11000110 11001100 11010101 11100100 
Write 5:
   0    00101111 00111011 01011110 01110111 10010111 10111110 11001111 11011011 11100110 11110010 11111101 
   1    00110111 01011101 01101111 01111011 10001111 10011011 10111101 11010111 11100101 11110001 11111110 
   2    00111101 01010111 01111110 10011110 10110111 11011101 11101111 11110100 11111011 
   3    00111110 01001111 01011011 01111101 10011101 10101111 10111011 11011110 11101100 11110111 11111000 
   4    00111111 01100111 01110011 01111100 10101110 10110101 10111010 11011111 11101101 11110110 11111001 
   5    01011111 01101101 01110110 01111001 10111111 11001110 11010101 11011010 11100111 11110011 11111100 
   6    01111111 10011111 10101101 10110110 10111001 11000111 11010011 11011100 11101110 11110101 11111010 
   7    11111111 
# End of <9,8,7,10,8>/8 WOM code with known write number
# Rfixed = 1.754597
# Rsum = 1.912401
