# WOM_finder solution for a <1093,310>/13 code
#
# Sum rate = 1.413092
# The 8192 symbols listed below are mapped to code words that are the binary representation of the 0-based index in the table.

  68, 929, 550, 449, 461, 779, 314, 440, 388, 679, 398, 386, 423, 833, 260,  32, 947, 584, 632, 434, 852, 241, 527,1073, 638, 114, 955, 465, 578, 841, 664,  53,
 509, 994, 401,  25, 360, 422, 569, 412, 956, 221, 469, 126, 537, 702, 616, 231, 943,  56, 252,  86,  19,  85, 812, 142,1048, 960, 643,   3, 142,  69, 153, 208,
 139,1084,1022, 499, 435, 565,  97, 193, 217,  87, 480, 988, 556, 444, 373, 254,1058,  40, 494, 705, 144, 606, 937, 251, 134, 825, 735,  84, 605, 176, 168, 276,
 903, 417,  63,1043, 195, 785,  16, 243, 967, 283, 464, 143, 973, 292, 137, 155, 244, 508, 555, 171,  60, 298, 249,  27, 393, 197, 107, 252, 990, 213, 149, 229,
 868,1091,  10,1053, 100, 111, 985, 622, 384, 450, 109, 119, 566,   2, 977, 153, 533, 871, 441, 160, 823, 627,  31, 104,1027, 383, 820, 153, 629, 290, 160, 261,
1087, 701,1031, 768, 470,  22, 660,  33, 524, 739, 105, 209, 896,  12,  51, 145, 512, 725, 267,   6, 232, 277, 530, 263, 774, 977,  87, 203, 223, 143,  80, 175,
   0,1003, 256,1016, 842, 298, 295, 196, 121, 511, 677,  14, 931, 140, 428, 186, 913, 932, 176, 188, 162,  52, 104, 207, 222, 248, 121, 101, 204, 164,  73, 255,
 780,1046, 756,  23, 941, 305, 119, 116, 707, 135, 381,  31, 827,  35,  59, 279, 501, 158, 208, 184,  61, 294, 254,  24, 121, 218, 223, 268,  21, 266,  89, 177,
 723,1011, 536, 630, 510, 276, 902, 766, 786, 197, 783,1021, 515, 209, 415,  61, 192, 997, 909, 166, 568, 656, 907, 238,1085,  74, 303,  69,  34, 122, 150, 175,
 542, 428, 815, 171, 504, 800, 692, 237, 916, 678,  42, 111, 583, 186, 217, 224, 154,   7, 196,  54, 447, 182,  73, 118, 293, 195,  31,  33,  39, 206, 218,  88,
 416, 520, 969, 456, 279, 980, 487,  71, 236, 177, 824, 226, 763, 136,  93,  81, 809, 491, 912, 176, 576, 551, 171,  60, 672, 283,  52, 285, 124,  77, 218, 125,
 496, 352, 237, 110, 987, 271, 192, 266,1054, 226, 278, 309,  27, 211, 158, 164,1067, 252, 146, 181, 146,  51, 195, 125,   7, 244,  59, 202,  73, 259, 197, 165,
 523, 944, 146, 574, 354, 748, 942, 156, 150,1012, 814, 254,  57, 126,  51, 215, 442, 327,1032, 117, 358,  49, 309, 277, 425, 187, 239,  61, 113, 216, 182, 264,
 108,1044,1055, 254, 966,  70, 819,  78, 971, 636,  58,  85, 279, 218, 160, 134, 698,  48,  21,  38, 241, 189,  99,  63, 274,  71,  72,  50, 243,  43,  12,  23,
 519, 188, 478, 248, 904,  45,  59,  53,1076, 182, 230,  19, 218, 124, 255, 100,1066, 301, 189, 200, 302, 287, 135, 252, 122, 116, 280,   3, 154, 184, 109,  63,
 895, 250,  64,  11, 211, 212,  86,  66, 281, 303, 129, 261, 230, 234,   1, 296, 178,  75,  86, 288, 203,  15, 145, 265, 107,  17, 263, 112,  62, 210,  49, 102,
 359, 938, 516, 965, 652, 262,1018, 397, 651, 498, 906, 290, 242,  76, 391, 210, 123, 689, 288, 928, 474,  96, 861, 296, 577, 481,1061, 164, 364,  85, 150, 230,
 349, 322, 976, 503, 733, 666, 600,  30, 869, 855, 612, 181, 793, 258, 231, 112, 978,1019, 901, 997, 608, 988,  20,  61,1052, 298, 115, 211, 124, 270, 208, 108,
 695, 699, 427, 813, 715, 731, 229, 156, 890, 342,1045, 102, 385, 172, 184, 231, 917, 553,  48, 254, 315, 136, 272, 261, 830, 105,  22, 151, 226, 248,  58, 147,
 650, 554, 724, 142, 782, 176, 174, 299, 530,  23,  19, 295,  62,   3,  20, 131, 419, 234, 258,  49, 159, 279, 308, 165, 142, 247, 203, 215,  57, 294, 229, 193,
 372, 561,1072, 953, 258, 758, 886, 170, 224, 547,  14, 167, 822, 220, 674, 250, 517, 182, 838, 279, 102, 256, 161,  48,  49, 221, 302, 261,  80, 135, 128, 110,
  66,  67, 302, 681, 839, 300, 275, 161,  77, 308, 145,  15,  86, 230, 291, 278, 104, 220, 236, 232,   6, 241,  79,  11, 170, 102, 186, 263, 296,  45, 233, 287,
 479, 753, 653, 276, 459,  40, 126, 180, 921,  21, 233, 137,  96,   0,  42, 115,1023,  81,  73, 107, 117,  69, 197, 280, 957, 135, 122, 222, 121, 202, 234, 285,
 194, 154, 157, 287, 184,  88,  95, 256,  59, 136, 299, 201, 168,  77,  72, 162, 275,  36,  62,  66, 128, 306, 292, 100, 302, 281, 251, 216,  50, 289, 242,  29,
 403, 773, 661,1088, 613, 257, 346, 143, 974, 475, 726, 166, 226, 276, 113,  11, 394, 789, 230, 168, 670, 142,  96,  17, 326, 157,  80, 289, 157, 252, 170, 309,
  26, 125, 810, 236, 805, 146, 225,  35, 281, 240, 927, 215,  20,  11, 257,  92, 898, 115, 201,  51, 230, 200, 192, 211, 266, 250,  19,  75, 128,  93, 176,  83,
 764, 740, 225, 171,  37, 301,   7, 248, 438, 149, 256,  36, 186, 282, 145,  65, 635,  58, 136, 285, 107, 201, 105, 210,  85, 115, 270, 219, 220, 292, 288, 241,
 308, 238, 221, 137, 221, 274,  79, 114,  20, 177, 250, 244, 238, 151, 142,  12,  73, 108, 240, 225, 250, 161, 128,  31,   3, 180,  43,  21, 279, 207,  77,  99,
 641,  29, 120, 175, 212, 205, 999, 301, 631, 125, 240, 111, 267, 172,  69,   5, 122, 251,  14, 273, 114,  96,   5,  57, 175, 171, 206, 154, 304,   3,  64, 151,
  79, 231,  49,  67, 217,  42,   1,  59,  20, 221, 175, 156, 146,  67, 249,  28,  99, 225, 174, 130,  40,  89, 288, 144, 271, 264,  93, 294,  38,  58,  92, 282,
 135, 100, 136,  78,  24, 146,  65, 134,  43,  55, 182, 124,  66, 206, 304, 127,  66, 166, 118,  39, 277, 175, 101, 244,  90, 305, 196, 159, 153,  59,  27,  79,
 265, 209, 216, 193,  81, 229, 220, 155,  51,  88, 273, 267,  22, 224, 178,  90, 188, 140,  95, 257, 232, 253, 291, 183, 199, 109,  24, 213, 303, 268, 116, 293,
 514, 392, 378, 621, 518, 914, 587, 406, 361, 691, 477, 975, 528, 521, 669, 280, 882, 845, 984,1078, 376, 655,  58, 201, 345,1079, 273, 283, 369, 301,  81, 202,
 885, 580, 676, 759, 867,   1, 602, 182, 593, 939,1074, 274, 210, 167,  74, 293, 644, 275,  24, 252, 829,  80, 189, 272, 618, 279,  66,  23, 295,  29, 275, 152,
 945,1063, 821,  43, 594,  20,1071, 613, 198, 238, 767,   6,1017, 116, 160,  55, 357, 165, 472, 156, 697, 228, 113, 263, 216, 247,  57, 279, 281,  71,  99, 167,
 307, 167, 426, 135, 654, 306, 113, 303, 712,  99, 171, 116, 172, 257, 257,  49, 883, 138, 808, 262,   4, 280, 105, 101, 170,  91, 119, 305, 270, 166, 127, 220,
 832, 905, 289, 801, 348, 205, 486,  74, 433, 505, 933, 114, 269, 208,  73, 238,  44, 798, 856, 213, 452, 931, 186, 105, 206, 105, 145, 158, 150,  17,  80, 156,
 859, 396, 436,  24, 972,  67, 143, 166, 940, 285, 208,  67, 235, 217, 106, 246,  69, 279, 142, 106,  22, 280, 231, 307, 264,  26,  37, 113,  74, 286,  12, 309,
1065,1028, 153, 642, 186, 289, 247, 242, 657, 176, 210, 265,  19,  84, 170,   4, 282, 287, 233, 256, 455, 277,  54, 292,  34, 293, 129, 215,  24,  89, 232, 123,
 131,  84,  53, 188, 182, 164,  57,  76,  86,  71, 278,  56,  83, 300,  28, 255,  62, 143,  60, 128, 269, 108,  85, 140, 105,   2,   7,  73, 274,  79, 201, 146,
 546, 305, 407, 989, 879, 743,1070, 200, 582, 559, 963,  35, 827,  74, 157,   2,1029,  65, 103, 128, 728,  27, 150, 289,  94, 278,  28, 161, 252,  70, 261,  21,
   5,  62, 888, 111, 421, 281, 258,  31, 429, 213, 215, 212,  31, 117, 175, 288, 161,  20, 299, 110, 144, 254, 295,  39, 163, 231,  40, 146, 238, 256, 149, 109,
 858, 534,1034, 301, 117, 305, 186, 297, 674, 274, 210,  37,  73,  79, 239,  58, 802, 287, 203, 100,  27, 199, 303,  62, 158,  31, 135, 145, 167,  46, 126, 111,
1064, 268, 161, 117,   2, 101,  83,  85, 142,  86, 183, 246, 246, 241,  71, 144, 303, 149, 166, 207, 240,   1, 134, 283,   9,  42, 206, 257, 292, 147, 185, 230,
 306, 495, 151, 153, 649,   2, 114, 208, 299, 119,   0, 287, 240, 129, 173, 196, 968,   7,  73,  32, 201, 293, 129, 170,  20, 232, 198,  24, 153, 235, 237, 266,
  13, 196,  22, 241, 164,  38, 263,  77, 300,  57, 114, 216, 169, 176,  88,  94, 154, 111,  80,  90,  79,  24, 198,  19,   9,  66, 307, 108, 135, 125, 107, 298,
 732, 254,  69, 225, 784, 154,  55, 239,  62,  94,  21, 101,  94,  91, 143, 118,  31,   5, 293,  92,  90,   9, 287,  75, 197, 286, 127, 275, 194,  50, 224, 233,
  29, 267, 185,  15, 223, 156,  99, 173, 127,  32, 181, 302, 250, 220,  11, 162, 306, 151, 123,  33, 243,  34, 110, 290,  44,  92, 276,  13, 242, 183,  48, 205,
 351, 925, 986, 424, 235, 270, 324, 229,1035,1092, 837, 155, 532, 151, 279, 143, 454,  45, 366, 200, 873, 105, 213, 131, 957, 107, 234,  69, 168, 211, 221, 160,
 339, 502,1089, 271, 722,  27,  81, 204, 811,  58, 305,  61, 116, 155, 163, 185, 184, 300,  48, 272,  42,  53, 305, 156,  99, 178, 293, 286, 273,  63, 175, 243,
 794, 619,1082, 281, 936, 689, 139,  28,1049, 254, 117, 229, 191,  46, 162, 298, 277, 837,  33, 113, 123,  63, 281, 235, 241, 290, 271,  72,  93, 185,  12, 266,
 828,  59, 193, 145, 146, 129, 123,  29, 210, 104, 261, 127,  12, 173, 219, 215, 170,  57,  49,  17,  88,  76,  94, 124, 101, 250,  69,  28, 179,   0, 129, 154,
 930, 467, 250, 117, 816, 282, 181,  77, 806, 115, 151,  31,  48, 124, 226, 272, 140, 300,  40, 185, 183, 116,   3, 107, 235, 128,  10,  20, 136, 149, 258,  32,
 552, 285, 103, 128,  99, 275, 126,  43,  57, 256, 172, 300, 250, 265, 264, 248, 116, 291, 275, 139, 205,  40, 303, 212,  22,  87,  71, 188, 213, 112,  91, 299,
 570, 128,  58,   9, 228, 113,   6, 302, 231, 105, 228, 204, 177, 216, 166,  87,  42, 197, 150, 102, 220,  97, 221,  99, 276, 263, 157,  93, 243, 207, 219, 240,
 117, 276, 137,  95, 139,  32, 102, 233, 123,  63,   1, 159, 187, 125,   9, 110, 206,  85,  81,  34, 124,  71, 192,  37, 171, 212, 197, 277,  56,  13, 189,  78,
 703, 575, 164, 128,   3, 154,  54, 195, 163,  59,  91, 296, 209, 290, 115, 238,   9,  48, 161,  81, 194,  43,  45, 130, 169, 187, 109, 137, 224,  75, 225, 106,
 333, 199, 283,  57,  90, 157,  14, 217, 275, 129, 118, 206, 171, 285,  95,  64, 166,  73, 124,  46, 304, 174, 244, 159, 200,   6, 160, 308, 249,   1, 240,  76,
 877,  71, 281, 219, 198, 137,  49, 256,  57, 304,  54, 279,  53,  66, 208, 289, 226, 307,  64,  90,  86, 100, 193,  40,  71,  95, 172,   8, 134, 222, 286,  67,
  72,  22, 295, 222,  74, 307, 304, 235, 307, 237, 101, 288, 121, 126, 276,  84, 274, 271, 169,  94,  70, 197, 180,  56,  88, 128,   4, 255,  36, 153, 282, 223,
 124,  34, 305,   0, 184, 189, 171, 182, 121, 268, 189,  14,  28, 127, 210, 213, 154, 169, 236, 203,  80, 206,  89, 254,  93, 188,  34, 244, 265, 229,   8,  22,
  10,  84, 241, 145, 182, 272,  39,  60, 243, 235, 234, 230, 142, 297,  27, 165, 157, 228,  15, 274,  77, 248, 162, 269, 267, 202, 134,  55,  85,  81,  33, 247,
 220, 280, 195, 206, 308, 131, 168,  17,  83,   4, 238, 140,  70, 273,  52, 275, 113, 162, 119,  87, 297, 176, 267, 249, 182, 279, 149, 192, 253, 246, 294, 306,
 123,  76, 163,  50, 136, 142,  96, 160, 247, 291, 138, 186,  78,  65, 200, 203,  19,  52, 187, 218, 239,  14, 300, 278, 220,  54, 156, 217, 196, 152, 301,  68,
 754, 796, 597, 711, 970,1081, 962,1010, 592, 483,1075, 490, 525, 834, 418, 149, 665, 696, 446, 918, 746, 844, 864, 144, 294, 374, 328, 266, 755, 441, 238,  65,
 716, 408, 625, 482, 538, 719, 445,  11, 996, 318, 507, 278,  83, 293, 105, 185, 231, 286, 870,  40, 961, 201, 207, 271, 741, 170,   6,  85, 162, 111, 240, 265,
 946, 772, 382,  92, 337, 227, 208,  73,   6, 413,1056, 200, 168, 768,  78, 102, 935,1000,  73, 244, 874, 238, 196, 245, 219, 209, 178,   2, 268,  70, 301, 132,
 405,1030, 200,  37, 610,  76,  85, 250, 807, 102, 164,  54, 235, 183, 220, 210, 836, 220, 213, 218,  18,  74, 201, 159, 129, 303, 180,  79,  31, 156,  92, 307,
1041, 471, 341, 636, 110, 311, 853,  37,  28, 750, 312, 101,  17, 302, 172,  48, 180, 849, 959, 221, 760, 221,  65,  15, 623, 175, 238,  86, 104, 226, 142,  97,
 132, 950, 513, 162, 624,   0,  35, 237, 981, 138, 295,  60, 257, 158,  13,  69, 355,  94, 993, 185, 107,  37, 269, 122,  20,  45,  39, 201, 175,  93, 276,  71,
1077, 278, 911,  26, 876, 266, 150, 251,  35, 247, 310, 229, 199, 295, 286, 104, 468,  40, 144, 102, 115, 223,  50, 134,  14,  24, 263, 179, 273,  22, 124,  66,
 872, 205, 204, 212, 135,   2, 134,  13, 192,  19,  65, 219,  16,   3, 266,  92, 247,  14,  77, 122, 121,  46, 243, 301, 204, 104, 277,  58, 153, 252, 206, 113,
 581, 410, 908, 178, 863, 949, 173, 171,1059, 363, 609,  61, 730, 255, 148, 152, 954,1024,  50, 249, 116, 240, 263, 104, 174, 276, 196, 200,  17, 110, 186, 115,
  93, 152, 414, 208, 926,   3,  24, 124, 797,  17, 289, 233,  40,  64, 182, 286, 548, 243, 570, 279, 166,  26, 306, 137, 105, 290, 102,  24, 111,  65, 279, 129,
 271, 133, 979, 166, 272, 128, 401, 178, 862, 137, 329, 116,  83,  29,   9, 253,  27, 146, 216, 102, 145,  49, 175, 181, 252, 122, 309, 288, 161,  78,  88,  48,
1005, 271, 307,   9, 255, 100, 215,   4,  11, 118, 298, 265, 109, 130,  80, 131, 102, 127, 278, 256, 283,  86, 147,  43,  84, 119, 283, 114, 215, 117, 130, 236,
 995,  54, 485, 117,  38, 107, 195, 275, 693, 221,  11, 202,  12, 210, 183,  14, 493,   2, 199, 282, 303, 224, 217, 152, 161, 241, 211,  53, 122, 214, 296, 147,
  41,  40, 206, 116, 213, 124, 160, 140, 293, 233,  27,  79,  99,  97, 267, 128,  60, 146, 261, 161,  94, 165, 157, 235, 119, 295, 268, 245, 251, 181, 231, 258,
 588,  77, 282, 173, 136,  43,  40, 294, 138,  50, 243, 280,  73, 110,  67, 201,  81, 277, 200, 267, 219, 182, 184,  94,  16, 207, 231, 149,   4, 309,  36, 299,
 265, 221, 214, 199, 180, 114, 176, 179, 152, 134, 258, 186, 148, 208, 264, 189, 218,  19,  96,  65, 282, 126,  52, 300, 146,  80, 225, 163, 278, 198, 209,  42,
 854, 808, 334, 522,1006, 662, 535,  30, 803, 951, 541, 193,  99, 265, 188, 292, 145, 451, 113, 499, 107, 102,   5, 287, 745, 240,  58,  26,  21,  42, 206, 181,
 280, 253, 261, 296,1060, 236, 201, 227, 668,  28,  78,  39, 202, 227, 172, 309, 927,  71, 240,  90,  76,  66, 242, 151, 207, 257, 181, 226,  81, 101, 232,  95,
 476, 558, 118, 188, 106,  29, 374,  69, 371, 173, 231, 294, 189, 113, 136, 253,  70, 206, 189,   3, 304, 220, 204, 178, 113, 211, 117, 197, 147, 286, 187, 278,
 540, 161,  22, 102, 293,  31,  89, 207, 276,   4, 251, 245, 164, 263, 126,  94, 220, 110, 282, 117, 136,   6, 295, 205, 258,  37, 244, 152, 177,  52, 269, 275,
 549, 455, 831,   2, 850, 305,  53,  24, 400, 929, 255,   5,  88,  20, 301, 163, 948,  74, 104, 138,  42, 227,   7, 145, 241, 306, 298, 140, 171, 237, 213, 217,
  98, 905, 105, 235, 279, 257, 234,  27, 238, 160, 210,  18, 260,  30, 155, 125, 129, 275, 212, 170, 277, 278,  45, 147, 192, 165, 249,  22, 228, 174,   0, 148,
 399,  54, 116,  29,  80, 105, 239, 209, 278, 255, 229, 260, 135,  61, 261, 129, 216, 249,   4, 233,  18, 179, 244,  90,   9, 205, 296,  33, 129, 291, 280, 303,
 127,  16,  89,  57,  28, 222, 108, 143, 234,  33, 243, 218, 163, 145, 274, 225, 238,  77,  19, 130, 110, 156,  40, 199, 264, 176, 173,  64, 212, 134, 138, 166,
 304, 604, 900, 276, 158, 270, 237,  17,  95, 257, 228,  23, 278, 289, 185, 294, 130, 206, 295,  21, 266, 295,  62,  33, 199, 126, 180, 216, 271, 156, 288, 272,
 248, 251, 157,  65, 205,  33, 298, 258, 293, 162, 184, 187, 220, 260, 156, 101, 995, 234,  64, 116,  22, 203, 200, 265, 186, 223, 260,  30,  18,  54,  86, 198,
 620, 230, 150,  18, 183,  54, 155,  27,   6,  57, 308, 109,  12, 142,  64, 146, 223,  29, 132,  49, 304, 195, 305, 224, 178, 228, 266, 287, 197, 235, 307, 221,
 155, 209,  18, 100,  36, 188, 206, 138, 218, 242,  94, 159,  63, 116,  58, 196, 162, 111, 303,  10,  75,  39, 149, 158,  71, 232,  97, 135, 237, 185,  53, 273,
  88,  57, 213, 161, 180, 291, 116, 245, 129,  17, 246,  71, 118, 102, 205,  76,  80,  50, 235, 275, 240,  55, 243, 193, 275, 277,  52, 234, 165, 131, 164,  46,
 392, 302, 226, 238, 142,  95, 208, 112, 108, 300, 136, 256, 145,   7, 144, 139, 151, 113, 171,   3, 124, 308, 272, 153, 102, 132, 286, 227,  69, 307, 248, 204,
 187,  45, 185, 290, 204,  99, 137, 157, 210, 143, 151, 217, 211, 242,  45,  85, 150,  24,  77, 174,  71, 192, 222,  20, 203,  28,  37, 274, 250, 160,  31,  35,
 122, 280,  83,  73,  72,  46,  11,  55, 179, 164, 305, 158, 149,  26, 236,  74, 200, 269, 121, 304,  30, 276,  84, 281,  63,  72, 139, 167, 285, 254,  10, 262,
 411,   8, 681, 591, 884, 254, 190,  55, 356, 893, 659, 305, 240, 215, 106, 144, 915, 185, 115, 104, 738,  31, 168, 215,  72, 279,  43, 254, 207, 146, 208,  52,
 617,  82,  18, 935, 265, 136,  37, 297, 457, 206, 257, 270, 108, 160, 292,  13, 147, 714, 101, 287, 207, 249, 256,  21, 220, 299,  42,  56, 246, 126, 247, 173,
 700, 680, 742,  40, 718, 192, 158,   2,1026, 257, 152, 119,  27,  12,  66,  85, 788, 119, 189, 232, 146, 116, 106, 197,  90, 274,  62, 106, 107, 158, 148, 253,
 817,  80, 102, 219,  33,  40,  91,  23, 213, 177,  86, 242,  62, 207,  90, 287,  19, 200, 179, 143, 281,  24, 161,  96, 189, 123, 176, 269,  69,  28,  30, 237,
 404, 331, 263, 302,1014, 143,  13,  40,1090, 265, 245,  72, 148, 116,  18, 242,  64,  54, 240, 228,  19,  38, 217,   0, 196, 159, 244, 182, 220,  59, 101, 252,
 729, 142, 128, 267, 164,  48, 220,  51,  15, 296, 294, 151, 205, 141, 198,  99,  10,  16, 105,  34,   3, 303, 295, 283,  26, 282, 119, 139, 236,  65,  63, 260,
 500, 137, 141, 266,  49, 131, 253, 167,  50,  21, 282, 217, 155, 280, 179, 142, 234,  65, 231, 219, 148, 141,  63, 127, 197, 221, 143,  49, 277, 203, 187, 225,
 176,  90, 206, 124, 218,  70,  44,  81,  20,   9, 155, 112, 134, 122, 139, 202, 251,  18, 302,  27, 293, 268, 116, 163, 238, 154,  61,  74,  55,  57, 151, 239,
1008, 432, 531, 299, 347, 265, 309,  37,1050, 249, 273, 260,  42, 110, 301, 172, 329, 282,  45, 273, 232, 217,  65, 131, 305,  18,  99, 141,  74, 234, 219, 194,
  91, 195,  49, 193,  18, 181,  11, 218,  28, 124, 295,  48,  64, 148, 299,  32, 196,  65, 267, 127, 242, 199, 214, 255, 142, 175, 169, 188, 184,  12, 178, 154,
 187, 165, 200, 170, 725, 247,  18, 261,  65, 252, 128, 129, 219,  24, 295,  26,   6,  37, 268,  36, 255,  32, 152, 160,  46, 243,  70, 258,   3, 151,  33,  93,
 156, 241, 108, 141, 224, 289, 245,  66,  33, 282, 121, 293, 143,  52,  17,  22,  90,  44, 153,  76, 269, 132, 253, 234,  21,  95, 157,  97,  51,  55,  20,  87,
 589, 254, 101,  38, 252, 115, 149,  51,  48, 281, 154, 106, 101, 109,  82,  86,  33, 118, 213,  52,  57, 167, 106, 276, 172, 110, 124, 251, 264, 140, 132, 178,
 128, 153,  33,   9, 300, 252,  56, 155,  81,  56, 167, 187,  76, 104, 121,  89, 234,  99, 186, 298, 252,  30,  31, 209,  50, 283, 126,  83, 271, 168,  75,   5,
 149, 107, 291, 171, 167, 159, 288, 122, 223, 266, 213, 263,  54, 161, 181,  88,  69, 142,  91, 237, 200, 157,  72,  84, 267, 169, 247, 130, 249, 231, 248,   7,
 195, 123,  70, 223, 267, 105,  80, 138,  27,  36,  30, 115, 294,  96, 188, 228, 249,  22, 233, 238, 266,  53, 305, 257, 246, 145, 117, 136, 256, 171, 226,  25,
  78, 350, 875, 162, 603, 274, 773,  53, 285, 299,   7, 276, 203,  83,   0,  71, 633,  72,  19, 290, 301, 192, 116,  87,   9,  66, 159, 153, 239,  88, 105, 161,
 860, 226, 117,  32, 178, 202, 294, 308, 218, 114, 249, 183,  85,  56,  59, 220, 240,   7, 276, 261, 166, 238, 206, 244,  39, 172, 106, 174, 179,  35, 135, 195,
 714, 249, 291, 298,  76, 272,  57, 130,  46, 156, 154,  29,   8, 165, 246, 234,  31, 199, 248, 138, 130, 282, 188, 171,  73,  32,  27,  53,  54, 174, 227, 236,
 183,  26, 136,  42, 241, 223,   8, 175, 256, 235,  24, 268, 272, 181, 222,  45, 159, 124,  54, 301, 148, 180, 142, 309, 132, 196, 125,  11, 198, 115, 141,  50,
 367, 493, 127, 101, 107,  83,  74, 263, 244, 206, 233, 279, 152, 178,  50,  12,  61, 239, 295, 132, 258,  27,  14, 271, 281, 143,  93, 142,  38, 186,  97, 184,
  61,  91, 181,  17, 184, 140,  84,  52,  17, 231,  76, 116, 237,  37, 209, 200,  28, 243,  38, 229, 297, 157, 245, 114, 273, 305, 193,  92,  95, 117, 254, 137,
 145,  79,  67, 273, 117,  89, 134, 100,   5, 301,  73, 258,  67, 297, 193,  23,  15, 189, 160, 208, 194,   8,  22,  86, 308, 200, 158,  80,  17, 251,  83,  39,
 102, 185,   6, 152, 227, 123,  69,  64,  79, 295, 153, 146, 298, 201, 271, 221, 107,  43, 178, 255,  66,   9, 210, 211,  40, 230, 265, 289,  43,  44, 195,  98,
 223,  29,  85, 145, 273, 126,  59,  83,  24, 156, 212,  20,   5, 305,  72, 124, 119,  88,   8,  73, 174,  91,  78, 186, 166, 158,  69, 304,  37,  45, 274, 136,
  52, 193, 160, 164,  98, 301, 268, 250, 178, 229, 166,  40, 188,  84,  57, 303, 293, 266, 185, 306,   7, 131,  46, 189, 263,  79,  51,  77,  96,  10,  67, 121,
 304,  95, 163, 179, 121,  36, 151, 115, 248, 202,  19,  28,  80, 281, 123, 169, 205, 229, 144, 265, 210,  81, 102, 212,  14, 222, 245, 183, 289, 260,   1,  15,
 294,  85, 254, 176, 168,  60, 127, 231, 198,  73, 211, 105, 165, 243, 199, 107, 227, 112,  75,  70, 118, 213, 228,  38, 192, 208, 194, 182, 137, 216,  61,  41,
  38, 104, 246, 288, 295, 299, 256, 113, 282, 209, 264,  70, 276, 175, 285, 241, 141, 101, 114,  58, 105,   5, 277,  26,  65, 226, 291,  96, 302, 162, 176,   6,
  73, 163,  42,  53, 183, 292, 224, 240,   2,  31, 109,   8,  97, 185,  21,  19,  56, 135, 143, 205,  49, 173, 251, 187,  27, 194,  59, 150,  16,  62,  29,  47,
  29, 196, 299,  48, 236, 271, 159, 148, 225, 309, 227, 126, 156,   1, 268, 283, 184, 250, 242, 207, 144,  16, 279, 164, 104, 177, 215,  60, 173, 170,   2, 259,
  24,  51,  71, 119, 169,  21, 104, 286, 141,  13,   3, 180,  14, 111,  34, 133, 230, 201, 175, 270, 263, 214, 296,  82, 280,   0, 168, 191,  23, 103, 190, 284,
 848, 172, 866, 246, 919, 287, 381,1038, 846, 840, 266, 101, 683, 141, 321, 274, 734, 770, 437,1036, 148,1039, 325,  74, 563, 323, 199, 136,  39, 151,  83,  94,
 777,1007, 799, 448, 958, 771,  30, 261, 865,  55, 706,  99, 992,  35, 181, 241, 889, 571,1069,  52, 128,  43, 191,  55, 562,  46, 170, 167, 195, 147,  43, 183,
 203, 586, 615, 922, 752,1040, 614, 295, 690,1002, 819, 281, 420, 220,  21, 221, 843, 751, 646,  84, 671, 278, 197, 223, 492, 232, 198, 275,  21,  78,  96,  45,
 727, 211, 910, 146, 239,  33,   7, 195, 878, 177, 309, 286, 299,  87, 248,  62, 245, 279, 156, 262, 208, 293, 174, 219, 154, 222, 196,  93,  22,  94, 220, 135,
 685, 344, 637, 762, 380, 443, 251,  58, 335, 402, 255, 258, 749,  23, 268, 189,  90, 648, 300, 152, 897, 161, 236, 124, 191, 196, 213, 116, 162, 154,  23,   9,
 431, 233, 313,  71, 473,  49, 108, 154, 991, 604,   9, 284,  59, 184, 129,  41,  71, 184,   9, 162, 249, 129,  27, 180, 117,  95, 183, 178, 161, 300, 139, 200,
 551, 598,  80,  41, 776, 100,  41,  48, 310, 179, 103, 282,  58, 165,  12,  37, 274, 111,   3, 167, 113,  88,   5,  33, 216, 177, 298, 189, 258, 201,  11, 299,
 599, 190, 173,  39,  55,  73, 104, 204, 211,  74,  50,   0, 256, 307, 156, 191, 155, 243, 301, 233, 104, 218,  22, 149,  65, 282, 269, 278,   6, 110,  81,  90,
 389, 769, 964, 214,1004,  21, 899,  22, 497,  89, 296,   7, 157,  13, 121, 287,   4, 784, 362, 154,  51,  62, 306, 239, 544, 217, 182,  86, 193, 252, 144, 232,
 127, 218, 156,  49, 395, 153, 301, 292,  23, 783,  69,  35,  12,  60, 235,  44, 585, 293, 277, 157, 243, 303, 160, 275, 173, 196,  94, 133, 170, 281,   0,  59,
 526, 529, 228, 100,  81,  84, 217, 303, 330, 154, 158,   1, 107,  76,  78, 216, 708, 178,  87,  48, 136,  15,  17, 161,  94,   4, 153,  47,  86,  36,  69,  50,
 506,  42, 299, 185, 276,  55, 298, 126,  31,  70,  64,  51,  45, 309,  47, 115, 138, 257, 218,  60, 248, 286, 224, 205,  75, 296,  11,  83, 253, 166,  37,  57,
 792, 787,  59, 137, 645,1082, 206, 279, 439, 276,  28, 109,   7, 257, 264, 288, 826, 255, 167,  21, 254, 143,  70, 119, 256, 174, 217, 171, 153,  37,  55, 103,
 234, 299, 286,  19, 268, 191,  30, 166,  71, 146, 267, 195,  13,  21, 259,  98,   2, 182,  76, 164, 278, 101, 151, 302,  55, 269, 215,  14, 118, 221, 257,  82,
 710, 235, 157, 128,  19,  98, 240, 268, 126,  84, 242, 290,  60, 202, 225, 243, 111,  70, 256, 140,   1, 280, 212,  85, 200,  88, 249, 225, 210, 259, 208, 185,
  24, 121,   4, 143, 182, 113, 144,  36,  60, 230, 201,  61, 108, 270, 136,  20,  47, 307,  98, 195, 213, 251,  58, 186, 143, 129, 300, 271, 237, 137, 152, 172,
 658, 835, 567,1047,1080, 684, 204, 116, 488, 983, 430, 172,  12, 289,  22,  15, 857, 579, 365,  97, 686, 282,  43, 207, 137, 156, 239,  90, 240, 182, 296, 228,
 999, 375, 557, 126,1042, 278, 174, 237, 268,  57,  19, 259, 205, 234,   3, 114, 642, 270,  58,  24,  29,  28, 220, 211, 196, 222, 146,  87, 236,  60, 134, 235,
 639,  36, 316, 136, 377, 939, 211, 287, 215, 276, 149,  76, 220, 159,  81, 275, 336,1088, 158, 187, 908,  47, 268,   4,  79, 301,  92, 116, 176,  72,  40, 200,
 463,  21, 166, 202, 203, 136,  84, 290,  73, 152, 202,  58,  54,  43, 272, 170,  92, 268,  39,   6, 271,  59, 126, 255,  17, 221,  63, 206, 116, 153, 210,  14,
 332, 998, 667,  55,1025, 240,  29,  66, 601, 302, 769, 138, 250,  99, 149,  89,1009,  50, 103, 236,  44,  84, 238, 239, 254,  95, 171,  10, 133, 238,  67, 305,
 175, 152,  99, 251,  95, 273,  64, 135, 301, 229, 265,  59, 292, 243, 142, 140,  62, 138,  33,   7,  76,  25,  41,  53, 278, 208,  77, 143, 209, 269,  61, 276,
 781,  85, 142,  92,  84,  47, 254, 272, 331, 204, 160, 291, 158, 266,  82,  83, 133, 229, 309, 180, 241, 309, 191,  49,  66, 149, 150,  43, 273,  19,  71,  54,
 276, 300,   0,  13, 301,  41, 297, 218, 246,  92, 248, 139,   4, 112,  63, 171,  39,  79, 204, 226, 284, 235, 266, 231, 259, 126, 134, 228, 286, 107, 185,  70,
 851, 688,1001,   1, 409, 283,  86, 307, 640, 174, 149, 235, 154,  25, 144,  88, 379, 207,  83, 208, 157, 124, 127, 279,  39, 286,  20, 190, 142, 191,  98, 301,
 694,  79,  55, 275,  37, 284, 307,  45,  45, 220,  78, 287,  46,  51, 241,  29, 308, 290, 153, 283,  21,  31, 168,   0, 121, 230, 126, 307, 201, 163, 193,  71,
 489, 159, 156,  98, 286, 304, 258, 191,  99,  48, 222, 229, 175, 100, 129, 177, 151, 308, 176, 261,  96, 156, 270,  64, 130, 118, 103, 197, 156, 129, 213, 265,
 196, 122, 206, 103, 218, 209, 199, 111, 216, 195, 226, 254, 183, 180,   6,  24, 145,  65, 133, 287, 206,  23,  33, 113, 231, 124, 274,  27,   5, 189, 212, 104,
 765,  28, 286,  41, 203,  98, 225, 142,  79, 211, 234, 233,  85,  50, 308,  54, 205, 158, 299, 291, 198, 208, 175, 228,  98,  77, 279, 113,  14, 111,  93, 281,
 213,  10, 239, 159, 122, 195,  15, 178, 275, 154,  48,  52, 109,  39, 285,  73, 289,  36, 133, 240, 224, 170, 173, 136, 198, 210, 101, 252,  84, 178, 184, 105,
 207, 153, 233,  44, 235, 165,  47, 164, 228,   9, 288, 212, 305, 187, 237, 263, 137,  37, 276, 102, 197, 190, 278, 243, 251, 203, 186, 173, 264,  12, 166,  38,
  80,   5, 211, 200,   9,  57, 107,  94, 165, 289,  82,   2, 222,  53, 294, 117, 248,  61,  41,  72, 142,  83,  51, 150,  42, 114, 125,  96, 295, 272, 283, 141,
 247, 460,  15, 466, 736, 891, 894, 146, 791,  75,1051, 102, 717, 231, 148, 219, 573, 687, 543, 162, 775,  81,  51, 287, 291,  37,  97, 290,  19,  27, 121, 196,
1033, 284,  61,  55, 292, 199, 296,  86,  11,  21, 166, 283, 162, 135, 168, 240, 804, 797, 144, 269, 189,  32, 225,  48, 107,  93,  93,  38, 269,  12, 147,  33,
 340, 309, 778, 200, 934,  24, 160,  27, 647,   3,  48, 138, 184, 219,  87, 299, 818, 230,  33, 244,  88, 289,  60,  73, 191, 194, 243,   0, 182, 142, 173,  32,
 572, 289, 286, 212, 223, 206, 209,  11,  24, 146, 109, 266, 262, 100, 231, 268, 270, 203, 200, 130, 123, 297, 117, 265, 283, 184, 213,  19, 181,  61,  35,   9,
1013, 539, 673, 203, 626,  84, 283, 210, 462, 156, 256, 105,  50,  22, 150, 134, 952, 306, 173,  91, 150, 279, 284,  34, 248,  96, 247, 205, 115, 110, 154, 249,
 370,  77, 205,  48, 286, 223, 144, 101, 143, 202, 154, 262, 263,  56, 125,  52,  23, 107, 256, 268, 239, 240,  39,  20,  19,  34,  41, 206, 279,  42,  53,  92,
 201, 689,  90,  65, 286,  35,  19, 151, 218,  35,  22, 190, 203, 264, 164, 301,   1,  50, 261, 187, 271, 119, 147, 153,   2, 303, 171, 115,  47, 197, 133, 296,
 504, 263,  17, 182, 300,  54,  14, 127, 163, 237, 233, 280,  23,  60,  15,  10, 157, 121, 247, 126,  96, 170, 234, 103, 254, 234,  44,  47,  93,  66, 215, 131,
 709, 757,1086,  99, 213,  31, 248, 247, 169, 221, 205, 157, 249,  38, 171, 105, 923, 966,  32, 184, 266, 200, 124,  10, 115, 101,  79,  61, 307,  20, 276, 270,
  47, 130, 139, 223, 163, 210, 157,  91, 189, 111, 172, 142, 185, 263,  24, 128, 250, 198, 130, 249, 240,  54,  84, 309, 241, 216, 236,  22, 169, 165, 220, 116,
 317, 116, 180,  15, 118,  47, 283, 284, 223, 178, 249, 208,   5, 187, 159,  44, 720,  87, 288, 127,  47, 226,  49, 196, 230, 266, 150,  23,  22, 168,  75, 207,
  47, 259, 109, 158,  13, 145, 243, 190, 156, 262,  36,  59,  76,  82, 204, 106,  77, 183, 106,  79, 247, 139,   6,   3,  90,  57, 284,  53,  63, 114, 177, 188,
 682, 734, 238,  79, 296, 154, 183, 224, 283, 247,  77, 146,  61,  48, 286, 226,  70,   5, 138,  76,  46,  98,  67, 281,  67, 302, 212,  85,  83,  52, 191, 267,
  58, 300, 213, 295,  99,  41, 271, 201, 218, 140, 103, 112, 186, 199,   2,  65, 133, 192, 259,  33, 228, 262, 171, 169, 166, 265,  52, 104, 289,   3,  62, 305,
  86, 289, 142,  20, 191,  13, 146, 111,  47,  71, 204,  34, 151, 160, 128, 250,  36, 124,  14, 282,  41,  10,  74, 139,  38,  99,  73,  29, 238, 195, 246, 211,
 231,  22, 296, 114,  50, 253, 119,  89,  63, 255,  79,  81, 123, 149, 124,  40, 267,  28, 255, 175, 282, 204,  43, 273, 221,  39, 219,  45, 175,  64, 277, 227,
 761, 155, 112, 124, 243, 190, 189,  39, 721, 309,  99,  74, 212, 255, 167, 173,1068, 217, 189,  43, 165, 257,  78, 288, 126, 271, 287, 166, 308, 203, 248, 216,
 744,   3,  59,  50,  98,  81, 175, 279, 121,  52, 279,  13, 124, 115, 186,   7, 163,  61, 201, 273, 301, 232, 257, 259,  87, 241, 183, 238, 194,  15, 263, 303,
 892,  71,  20, 287, 184, 286,  66, 239, 211, 141, 262, 178, 148, 262, 217,   1,  77,  97,   0, 190,  91, 253, 137, 274, 124,  10, 170,  62, 247,  74, 289, 104,
  33, 220, 301, 225, 191,  90, 253, 240, 108, 252,  76, 134, 105,  95,  42,  85, 123, 142,  52, 237, 151, 254, 238, 112, 252, 133, 164,   5, 136,  86, 102, 157,
 320,  17, 276,  96,  42, 265, 265, 168, 200, 153,  13, 103, 230, 292, 273, 294,  46, 302, 217,  23, 206, 140, 262,  25,  14, 287,  64, 135, 172,  15,  69, 297,
  71, 250,  29, 225, 302, 134,  90, 193,  41, 306, 296,  11,  89,   8,  83,   6, 155, 293, 200,  56, 204, 160, 282,   2,  70, 223, 207, 176, 187, 145, 164, 130,
 282, 229, 178, 195, 299, 238, 206, 106, 175, 284, 257,  28,  73,  72, 239, 270, 256, 166, 152, 159, 291, 252, 155,  21, 285,  41, 106, 264,  20, 209, 307, 144,
 246, 207, 297, 308, 259, 266,   5, 208,  53, 257, 177, 100, 305, 226,  25, 198, 199, 174, 127,  35,   3, 295, 222, 194,  84, 249,   8, 161, 180,  31, 244, 214,
  52, 211,  19, 306, 211, 220, 292,  35,   8,   9, 221, 183, 164, 159, 195, 202,   3,   7,  15,  66,  71, 288, 101, 133, 284, 273,  31,  84, 231, 146, 272, 215,
 182, 286, 180, 152,   9,  14, 108,  58, 273, 239,  21,  25, 246,  99,  56,  17,  83, 165, 107, 229, 200, 276,  11, 226, 117,  32, 243, 151,  82,  49, 256, 119,
 200,   2,  84,  32,  31, 224, 103, 123,  64, 160, 273, 271,  59, 109, 196, 182, 262, 110,  29, 242, 127,  19, 178, 250,  17, 123,  65, 201, 285, 145, 155, 163,
  85, 303,  10,  77,  67,  48, 236, 102,  39, 169,  67, 168, 265, 228, 234, 251, 305, 146, 232,  74,  25,   8,  44, 167, 155, 299, 269, 209,  28, 143, 122,  16,
 175, 186, 248,  60,  20, 230,  53,  37, 262, 107, 169, 193, 291,   0, 152, 295, 263,  53, 233, 303, 104,  73,  50, 126,  21, 296, 278,  42,   1, 274,  88, 199,
  19, 118, 187,  44, 156,  43, 261,  87,  95, 190, 266, 170, 270, 254, 137,  80, 277, 185, 160, 237, 176,  97,  75, 242, 211, 162,  86, 122,  35,  72, 158, 179,
  57, 222, 153,  24,  29, 116,  36, 221, 208, 294, 154,  27,  12, 217, 309, 176, 240,  55, 304, 241, 110, 234, 216, 121,  58,   6,   7, 181, 192, 138, 174,  30,
  91, 192, 116, 189,  34,   7, 280,  97,  37, 205, 188, 184, 293,  69, 135, 132, 223, 281, 105, 298, 225, 258, 115, 260, 268, 236,  46, 148, 147, 245,  26,  18,
 220,1015, 596, 189, 847, 590, 880, 156, 663, 138, 181, 137, 982, 153,  61,  60, 129, 297, 634, 114, 453,  35,  31,  58,1057, 860, 207,  38, 596, 152,  11, 116,
 881, 607,  53, 126, 368,  49, 117,  76, 920, 255,  28, 217, 137, 301, 289, 209,1037, 282,  50, 145, 781, 228,  18, 213,  69,  23, 226, 293,  46,  77,  93,  12,
 343,1062, 564, 157, 720,   9, 142, 137, 484, 246, 188, 167, 141,  18,  40, 279, 387, 257, 104, 161,  64, 269,  20, 266, 255,  85, 201, 126,  82, 199, 172, 305,
  33, 143, 116, 129, 243, 269, 259, 148,   9, 260,  22, 103, 184, 125, 180, 290, 136, 284, 276,  61,  43, 292, 221,  47,  13, 298, 144, 108, 144, 200, 261, 306,
 159, 887, 338,  74, 795, 258,  69, 195, 179, 158,  29, 152, 305, 176,  43,  72, 136,   0, 254, 287, 135, 213, 233,  89, 173, 254, 233,  16, 157,  63, 251,  96,
 560, 286,  24, 200,  41,  85, 102,  78, 217,   7,  57,  26, 105, 136, 220, 216, 305,  10,  48, 112,  88, 259, 189, 190,  50,  28,  30, 264, 116,  79, 171,  84,
 149, 208,  43, 178, 477, 162, 116, 283, 237, 268, 293, 287, 127,  27, 233, 236, 156, 302, 211, 133, 265, 232, 258, 158,  24,  13,   6, 170, 263, 270,  86,  99,
 228, 187, 101, 139, 179, 146, 138, 309, 122, 231, 203,  52, 240, 148, 302, 253, 176, 116, 245,  62, 303,  63, 164, 217,   3, 140,   2,  21,  11, 242,  33,  67,
 353, 675, 990, 256,  84,  98, 283, 225, 924,   3, 148,  73, 298,  28, 104, 211,1083,  53,  92,  75, 137, 183,  77, 296, 265, 167, 294,  39, 196, 237, 245, 212,
 704,  65, 176,  95, 119, 135, 278, 231, 188, 250, 173,  45,   1,  38,  81, 213,   3,  57, 104, 132,  85, 108, 114, 254,  92, 109, 306, 234,  30, 202, 269, 143,
1020, 665, 192, 231,  90, 112, 189,  46, 243, 256, 198, 175,  59, 190, 134, 111, 149, 182, 115, 124,  53,  66,  14, 119,  74, 215, 179, 195, 101,  26, 281, 271,
 124, 170,  14, 268, 112, 251, 293, 288, 127, 205, 255, 301, 154,  79, 242, 247, 188,  24, 199, 151,  98,  30, 198,  29,  82, 176, 257, 160, 191, 274,  19, 187,
 611, 161, 239, 226,  22, 163,  30, 303, 714, 213, 134,  92,  20, 205, 289,  31,  14, 305, 232, 223,  60,  74, 150, 214,  49, 260,  19, 273,  64, 284,  24, 230,
 247,  92, 242, 244, 250,  18,  83,  50, 151,  41, 182,  90, 115, 114, 167,  16, 185, 263, 149, 111,  78, 156,   7, 220,  88, 249, 221,  68, 223,  27, 270, 155,
 127, 281, 122, 154,   2, 225, 130, 234, 167, 283, 254, 156, 224, 267, 260,   5, 158,  31,   5,  23,  21, 130,  68, 286, 132,  93,  18,  55, 239,  41, 292, 105,
 218,  58, 118, 306,  44, 203, 163,   6, 214, 184, 145, 153, 280, 241, 177, 238,  73, 206, 183, 197,  39, 207,  54, 289,  38, 240,  15, 142, 275, 133,  97,   8,
 747, 143, 319,  67, 259, 148, 199, 201, 390,  58, 236, 145, 221, 285, 180,  27, 170, 205, 119, 284, 231,   6, 139, 174, 130,  35, 227,  23,  25,  93, 109,  72,
 713, 276, 105, 278, 250, 256,  77, 228, 254,  53, 283,  97, 146, 142,  62, 190, 265, 209,  96, 251, 105, 298, 152, 252, 236,  61, 166,  42, 234, 199, 132, 295,
 301, 221,  27,  66, 268, 306, 200, 222,  61, 141, 247, 273,  28,  47,  12, 122, 240, 296,  21, 153, 207,  39, 195,  46, 225, 289, 177,  45, 183,  65,  85, 100,
   6,  25,  11, 156,  53,   5, 193, 257,  83, 250,  23, 179, 176, 308, 270,  48,  90, 216, 219,  26, 133,  22, 286,  19, 243, 190, 205, 175, 160,   7,  49, 192,
  46, 138, 301, 176, 198, 154, 156, 103,  37, 221,  83, 186, 231, 272, 122, 208, 281, 185, 308, 146, 200, 290,  16, 248,   0, 252, 225, 202, 226, 277, 126, 257,
 227,  55,  14, 303, 220, 210, 223, 206, 198, 274, 263, 104,  22, 212, 211, 215, 158,  41,  80,  31, 139, 296, 268, 115, 213, 125,  65, 124,  40, 264,  73, 159,
  41, 275, 164,  78, 189,  14, 276, 230,  70, 115,  14,  84, 191, 104, 245,  71, 271, 299, 193, 277, 136, 132, 298, 203, 260, 280,  53,  17, 294, 279, 146, 256,
  96,  50, 295,  87, 102, 265,  15, 282, 241, 196,  95, 207, 247, 182, 151, 121,  68, 201, 237, 163, 197, 181, 182, 168,   5,  99,  47,   1,  12, 119,  60, 169,
 737,  58,  53,  95, 160, 176,  25, 118, 265, 270, 261, 165, 185,  67, 224,  96, 121, 306, 254, 159, 243,  77, 109, 304, 154,  97, 133, 258,  83, 263, 178, 244,
 156, 208, 245,  20,   3, 122, 210, 299, 117,  46, 298, 214,  42,  82, 165, 239, 259,  14, 152,  85, 227, 164, 148,  13, 161,  78,  33,  37,  10, 112, 103,   9,
 286,  60,  90, 215,  27, 281, 301, 152, 251, 199, 193, 130,  69, 240, 230,   0, 306, 211, 138, 101,  62, 131, 179,  52, 234, 226, 143, 238, 299,  73, 214, 162,
 189,  76, 288,   7, 134, 295, 181, 305, 173,  29, 171,  59,  52, 266,  88, 249, 222,  84,  36, 241,  95, 184,  23,  80, 174,  40, 304,  81,  50,   2,  66,  34,
  31, 137, 271, 268,  96,  26, 191, 229, 105, 285,  39,  99, 273, 248, 227, 168,  72, 104, 294, 265, 249, 149,  13,  81,  59, 195, 189,  40, 148,  68, 209,  44,
 134, 126,  16, 309, 309, 175, 233, 131,   6, 279, 299, 237, 143, 181, 300, 110, 221, 244,  43, 266,  90, 267,  28, 188, 115, 183, 135, 107,  70, 127,  74, 123,
 171, 228, 284, 296,  98, 140, 205, 255,  36, 216, 267,  62, 124, 298,   3, 223,  78, 196, 145,  22,  65, 236, 253, 247, 282,  75,  57,  25,  89, 293,  76,  56,
  64,  47, 103, 259,  71, 226, 186, 219, 172,  15, 170,  86, 306, 157, 161, 194, 180, 256, 250,  69,  48,  17, 154, 246, 291, 239, 128, 297,  87, 106,  32,  91,
 202, 207, 790, 188, 628, 266,  76, 105, 249, 311, 106, 176, 399,  67, 127, 298, 264, 284,  97, 102, 168, 119, 151, 182,  62, 132, 104, 255, 309, 286, 282, 129,
 545, 198, 158,   0,  57,  88, 119, 270,   1, 265, 143, 218, 268, 156,  96, 245,  53, 117, 215, 130,  52,   7, 133,  15, 226,  50, 258, 296, 147, 307, 266,  14,
 993, 246, 141,  52,  48, 154, 228,  53, 163,  83,   4, 216, 284,  17, 101, 177, 207, 290, 289, 110, 273,   5, 240, 191, 181, 202, 250,  31, 149, 212, 103, 117,
 236, 180, 185, 178, 115,  74, 250, 153, 234,  70, 225, 256,  71,   6, 263, 258, 271,  84,  10,  44,  56, 162,  72, 176, 197, 158, 259, 223, 278, 124, 260, 150,
 458,  14,  99,  15, 268, 295,  35, 233, 296,  32,  20, 261,  91,  53, 157, 113,  42,  70, 263,  41, 309, 142,  70,  87,   5, 216, 103, 309, 234, 190,  28, 243,
 257,   9,  27, 300, 142, 167, 148,   3, 225, 259,  82, 163, 298,  90, 170, 273, 175,  13, 184,  49,  89,  60, 183, 181, 269, 251, 141, 157, 182,  73, 204, 250,
 141, 204, 192, 140, 182, 306,  16,  24, 222, 172,  64, 235, 282,  81, 107, 175,  70,  26, 186, 129, 184, 147, 110, 136,  59,  68, 236,  69, 213, 276, 185,  77,
  87, 195, 278, 254, 137,  19, 196, 249, 117, 299,  41, 123, 126, 128,  38,  46, 135,   4, 280,  32, 205, 152, 132, 165, 160,  76, 162, 199,  29, 178, 241, 304,
 183,  48, 152,  67, 239, 290,  81,  94, 237, 238,  65, 125, 141, 191,  12, 126, 175, 166, 113, 156, 223, 297,  27,  23, 149,  43, 118, 186, 236, 198, 200,  90,
 188, 169, 265, 125, 237, 112, 136,  26,  97,  27,   7, 201, 195, 306,  70, 230, 307, 190, 208,   2, 194,  75, 121,  69,  91, 153, 228, 281, 214, 224, 203, 138,
 695,  68,  86, 166, 209,  36,  47,  57, 305, 146,  74, 214, 270, 179,  98, 218, 186,  64, 244,  54, 123, 148, 156, 107, 133, 303, 129, 240, 166, 189, 254, 206,
  57,  78,  51,  28, 201,  94,  21, 184, 286,  88, 208, 276, 152, 279,  39,  72, 286, 105,  78,  71, 141, 173, 170, 294,  56, 164,  58, 248, 211, 113, 297, 291,
  96, 176, 299, 143,  44,  50,  82, 144, 160, 166,  84, 164,  71, 246,   9, 278, 226,  46, 301,  98, 189,  85, 166,  71, 136, 239, 194,  78, 105,  58, 293, 180,
 284, 137,  55, 243, 276,  29, 161, 236,  53, 211, 127,  43,  15, 173, 196, 192,   6, 277,  37,  11,  68,  61, 216,   1, 168,  51, 288, 210, 208, 102,  17, 222,
  52, 104, 203, 245, 199, 256, 307, 145,  98, 168, 169,  10, 221, 200, 265, 135, 306,  34, 251,  83, 301, 134,  66,  28, 109, 121, 137, 295, 228,  80, 262,  95,
 273,  56,  31, 209, 220,  37,  42, 274, 125, 264, 303, 275,  77, 244, 212, 174, 101, 179,  16,  35, 299,  59,   0, 285,  85, 100, 235, 272, 159, 193, 229, 308,
 595, 180,   6, 254, 307,  28,  29,  10,  53,  26, 115, 289, 278, 164, 238, 260, 176, 256, 283, 245, 265, 175, 150,  18,  86, 228,  71, 168, 275, 229, 237,   3,
 236, 110, 211, 173,  30, 272, 138, 170, 215, 113,   0, 171, 305, 185, 284,  79, 269, 141,  40,  33,  38, 128,  95, 106,   8, 262,  25, 246,  90, 283, 145,  64,
 276,  99, 212,  47, 238,  25, 201, 226, 148,  22, 219,  91, 242, 137, 255, 205, 268, 105, 303, 193, 292, 208, 249, 293, 209, 102, 184, 127,  84, 210,  37, 128,
  87, 187,  56, 159, 107, 229,   2, 144,  18, 138, 306, 227, 253, 204,  31,  68,  15, 231, 299, 137, 104,  83,  65, 155, 273,  20,  80, 285, 218, 186,  55, 267,
 184, 171,  19, 228, 247,  46, 124,  45, 222,   2, 136, 154,  45,  55, 187, 160, 174, 133,  68,  65, 251,  76, 167, 275, 266,  29,  90, 286, 270,  34, 223,  57,
 121, 136,  34, 293, 110,  20,  20, 291, 129, 290,  35, 189, 154, 271,  58,  54,  21, 108,  85, 234, 153, 191, 274, 196, 232, 294, 156, 149, 113,  24, 306,  36,
  23, 156, 179, 243, 254,  10, 173,  62, 142,  42, 274,  16,  77,  97, 235, 183,  74, 227, 123, 305, 272, 122, 143,  59, 206, 151,  81,  82,  52, 188, 114,  51,
   7, 262,  72, 247,  47, 248, 216, 213, 242,  38, 240,  30,  78, 101, 281,  75, 203, 283, 307,  88,  27,  58, 230, 109, 300,  48,  94, 224, 167, 288, 111, 118,
 308, 206,  68, 257, 234,  78, 116,   8,  76,  69, 139, 293,  55, 131, 114, 158,  39,  17, 173, 111, 132, 241, 142, 147, 276,  19, 250, 242, 205,  40,  48, 268,
 257, 116, 225, 217,  51, 166,  22, 262, 274, 200,  38, 203, 259, 161, 191, 282,  30, 283, 195, 103, 181, 235, 271, 221, 295, 247, 122, 134, 125, 225,  60, 280,
  60, 244, 124, 185,   4, 227, 272,  70,  54, 136,  50,  14, 258,  21, 153,  43, 157, 194, 197, 252, 169, 135,  24,  42,  47, 213,  96, 204, 298, 139,  13, 300,
 204, 114,   5,  62,   1,  96,  73, 149,  68, 278,  44,  63,  35, 296,  92, 277, 126, 154, 239, 263, 275, 171,  99, 264,  93,  98, 110,  89, 217, 233, 140, 302,
  18, 267, 249,  64, 204,  32, 297, 141, 199,  61, 214,  87,  23, 167,  41,  49, 187, 115, 192, 278, 182, 128, 117,  63,  22, 152, 157, 231, 163,  94, 201, 218,
 217,  39,  98,  23,  25, 151, 289, 287, 139,  74, 258,  66, 206, 304, 207, 197,  81, 212,  57, 129, 238,  86, 146, 177, 138, 301,  54, 253, 255, 219, 100,   4,
   8,   3, 302, 190, 231, 237, 266,  61,  99,  90, 102, 307, 303,  33, 119, 269,  40, 117,   9, 198, 161,  92,  79, 125, 116, 155, 165, 220, 257,  11, 112, 108,
 166, 178, 106, 210, 129, 158, 162,  93, 260,  49, 113, 147, 130, 150, 252, 232,  20,  67, 279,  12,  45, 215, 202, 172, 309, 144, 131, 292, 287, 261, 290, 120
# End of WOM_finder solution for a <1093,310>/13 code
