# WOM_finder solution for a <127,127>/10 code
#
# Sum rate = 1.397737
# The 1024 symbols listed below are mapped to code words that are the binary representation of the 0-based index in the table.

  72,  74,  79,  71,  96,  65, 117,  26, 117,  92,  37,   5,  20,  53,  56,  40, 102,  62,  15, 123,  98,  21,  31, 111,  24,  86,  81,  48,  64,  79,  14,   3,
  77,  45,  80,  78, 125,  84,  78,  66,  41, 100, 124,  89,  26,  29,  32, 125,  88,  45,  36,  70,  21,  76,  20,  87, 101,  18,  69, 121,  85,  57,  90,  17,
   7, 107,  48,  30,  90,  53,  30,  88, 115,  17,  85,  57,  69, 121,  72,  18,  59,  66,   1,  84,  46,  78, 107,  63, 121, 125,  67,  29, 105,  89, 118, 100,
  99, 111,  42,   8,  10, 104,  15,  77,  14,   3,  64,  79,  81,  48,  92,  86,  35, 113,  91,  23, 102,  32, 115,  97,  72,  40,  34,  53,  52,   5,  71, 120,
  33,  14,  23,  91,  32,  93,   3,  20,  51,  17,   8,  42, 104,  58,  77,  15,  97, 122,  67,  53,  38,  28, 120,  71, 113,  35,  23,  91,  32, 102,  97, 115,
   3,  34,  57,  85, 121,  69,  18,  72,  87,  20,  76,  21,  70,  36, 101,  38,  31, 109,  29,  67,  89, 105, 100, 118,  66,  62,  84,   1,  78,  46,  63, 107,
  34, 125,  14,  22,  56, 115,  40,   4,  63, 107,  78,  46,  84,   1,  66,  62,  18,  72, 121,  69,  57,  85,  17,  90, 101,  38,  70,  36,  76,  21,  87,  20,
 120,  71,   5,  28,  53, 123,  40,  34,  97, 115,  32, 102,  23,  91, 113,  35,  86,  92,  48,  81,  79,  64,   3,  14,  77,  15, 123, 104,   8,  42, 111,  51,
  50,  91,  29,  54, 118,   9,  70, 119,  94,  30,  70,  59,  73,   7, 116, 108,  89,  17,  63,  10, 101,  45, 112,   2,  25, 109,  56, 112,  60,  13,  43,  74,
  95,  30, 106,  39,  19,  16,   4,  12,   6,  11,  58,  44,  33,  47,  83,  22,  68,  95,  82, 103,  75,  24,  61,  49,  99,  96,  65, 124,  37,  88,  93,  26,
  12,  49,  75,  24,  40, 103,  68,  95,  93,  26,  37,  88,  65, 124,  99,  96,   4,  12,  19,  16, 106,  39, 122,  30,  83,  22,  33,  47,  58,  44,   6,  11,
  25,   2,  41,   9, 117,  10,   0,  31,  43,  74,  60,  13,  56, 112,  25, 109, 114, 119,  80,  45,  27,  54, 110,  50, 116, 108,  73,   7,  28,  59,  55,  98,
  76,  97,  13,  60, 112,  56, 109,  25,   7, 110,   9,  41,  10, 117,  31,   0, 116, 108,   7,  73,   5,  59,  98,  55, 119, 114,  45,  80,  54,  27,  50, 110,
  26,  93,  88,  37, 124,  65,  96,  99,  49,  61,  24,  75, 103,  82,  95,  68,  22,  83,  47,  33,  44,  52,  11,   6,  12,   4,  16,  19,  39, 106,  30, 122,
  11,   6,  44,  58,  47,  33,  22,  83,  30, 122,  39, 106,  16,  19,  12,   4,  96,  99, 124,  65,  88,  37,  26,  93,  95,  68, 103,  82,  24,  75,  49,  61,
  98,  55,  59,  52,   7,  73, 108, 116,  50, 110,  54,  27,  45,  80, 119, 114, 109,  25, 112,  56,  13,  60,  74,  43,  31,   0,  10, 117,   9,  41,   2,  94,
  44, 103,   2, 124,  27,  47,  99,  26,  83,  68,  82, 103,  58,  75,  61,  49,  22, 124, 100,  44, 108,  88, 104,  22, 122,  30, 106,  39,  19,  16,   4,  12,
 126, 109,  56, 112,  60,  13,  43,  74,   0,  31, 117,  10,  41,   9,  94,   2,  55,  98,  52,  59,  73,   7, 116, 108, 110,  50,  27,  54,  80,  45, 114, 119,
  52, 108, 110,   7,  28,  59,  55,  98, 114, 119,  80,  45,  27,  54, 110,  50,  43,  74,  60,  13,  56, 112,  25, 109,  94,   2,  41,   9, 117,  10,   0,  31,
  81,  22,  33,  47,  58,  44,   6,  11,   4,  12,  19,  16, 106,  39, 122,  30,  93,  26,  37,  88,  65, 124,  99,  96,  61,  49,  75,  24,  82, 103,  68,  95,
 105,  31,  16,  19,  39, 106,  30, 122,  29, 111,  47,  33,  44,  24,  11,   6,  61,  49,  24,  75, 103,  82,  95,  68,  26,  93,  88,  37, 124,  65,  96,  99,
 119, 114,  45,  80,  54,  27,  50, 110, 108, 116,   7,  73,  59,  52,  98,  55,   2,  94,   9,  41,  10, 117,  31,   0,  74,  43,  13,  60, 112,  56, 109,  25,
  31,   0,  10, 117,   9,  41,   2,  94, 109,  25, 112,  56,  13,  60,  74,  43,  50, 110,  54,  27,  45,  80, 119, 114,  98,  55,  59,  52,   7,  73, 108, 116,
  95,  68, 103,  82,  24,  75,  49,  61,  96,  99, 124,  65,  88,  37,  26,  93,  30, 122,  39, 106,  16,  19,  12,   4,  11,   6,  44,  58,  47,  33,  22,  83,
 112,  24,  24, 121,  51,  29, 119,  17,  34,  48,  36,  70,  21,  76,  20,  87,   3,  12,  56,  89, 110,  57,  51, 125, 107,  63,  46,  78,   1,  84,  62,  66,
  78,  86,  81,  48,  64,  79,  14,   3,  15,  77,  52, 104,  42,   8,  51, 111,  71, 120,  28,   5, 123,  53,  34,  40, 115,  97, 102,  32,  91,  23,  35, 113,
  96,  40, 123,  53,  82,   5,  71, 120,  35, 113,  91,  23, 102,  32, 115,  97,  14,   3,  64,  79,  81,  48,  92,  86,  51, 111,  42,   8,  52, 104,  15,  77,
   7, 125,  67,  29, 105,  89, 118, 100,  62,  66,   1,  84,  46,  78, 107,  63,  90,  17,  85,  57,  69, 121,  72,  18,  20,  87,  21,  76,  36,  70,  38, 101,
  18,  48,  84,   1,  78,  46,  63, 107,   6,   3,  29,  67,  89, 105, 100, 118,  87,  20,  76,  21,  70,  36, 101,  38,  17,  90,  57,  85, 121,  69,  18,  72,
 113,  35,  23,  91,  32, 102,  97, 115,  40,  34,  53, 123,   5,  28, 120,  71, 111,  51,   8,  42, 104,  58,  77,  15,   3,  14,  79,  64,  48,  81,  86,  92,
  77,  15, 104,  73,   8,  42, 111,  51,  86,  92,  48,  81,  79,  64,   3,  14,  97, 115,  32, 102,  23,  91, 113,  35, 120,  71,   5,  28,  53, 123,  40,  34,
 101,  38,  70,  36,  76,  21,  87,  20,  18,  72, 121,  69,  57,  85,  17,  90,  63, 107,  78,  46,  84,   1,  66,  62, 100, 118,  89, 105,  29,  67, 125, 126
# End of WOM_finder solution for <127,127>/10 code
