# WOM_finder solution for a <1024,320>/13 code
#
# Sum rate = 1.409379
# The 8192 symbols listed below are mapped to code words that are the binary representation of the 0-based index in the table.

 401, 662, 506, 630, 461,1015, 700, 618, 718, 439, 983, 665, 287, 809, 505, 575, 882, 892, 501, 904, 349, 825, 558, 203, 967, 975,  69, 327, 926, 120, 274, 150,
 739,1021, 856, 622, 812, 722, 679, 862, 590, 797,  91, 476, 312, 608, 431, 284,  61, 925, 446, 251, 541, 422, 994, 170, 901, 242, 426,  46, 913, 143, 146,   5,
 881, 709, 998, 999, 138, 756, 842, 219, 873, 520, 145, 579, 271, 301, 357, 304, 418, 548, 530, 936, 781,  33, 466, 223, 922, 695,1000,  36,  71, 233, 314, 230,
 813, 385, 659, 932, 604, 957, 834, 279, 929, 968, 694,  94, 355, 146, 210, 250, 573, 262,  55, 221, 169, 111,  59, 190,  68, 112,   9, 287,  67, 191, 218,  53,
1019, 934,1007, 930, 519, 585, 889, 268, 815, 935, 865,  60,  44, 473,  58, 180, 555, 732, 765, 114, 952, 653, 208, 206, 818, 880, 529,  30, 126, 165, 185, 112,
 512, 557, 794,  49,  64, 806, 759, 211, 451, 170, 757, 110, 341, 193, 180, 199, 673, 826, 395, 105, 971,  93,  42, 243, 855,  53,  16, 183, 278,  58, 300, 106,
 805, 783, 410, 535, 843, 693,  75, 295, 683, 577, 570, 189, 678, 251, 262,  56, 672, 752, 253, 211, 175, 317, 309, 307, 435, 115, 228, 297, 186, 250,  81,  23,
 591, 568, 897, 295, 255,  99, 282, 195, 740, 120,  68, 224,  22, 216, 130, 145, 140,  73, 208,  37,  27, 228, 235,  43,  45, 151,  57,  41, 210, 276,  28, 293,
 724, 350, 589, 708, 802, 676, 859, 326, 791, 792, 352, 263, 411,  98, 310,  93, 946, 532,  97, 912, 830, 106, 412, 234, 937, 890, 478, 122, 148,  65, 165, 163,
 146, 827, 489, 137, 513, 559, 396, 133, 969,  63,  56,  23, 475, 120, 305,  36, 817, 309, 534, 317, 165,  54,  40, 287, 279, 132,  26, 174,   4,  37,  43, 261,
  88, 774, 113, 227, 335, 173, 626,  91, 611, 554, 248, 101, 127,  92,  93, 308, 139, 591, 719,  87, 710, 292,  55, 197,   5,  45, 116,  13, 237,  52, 216, 134,
 556, 761, 134,  74, 795,  67,  25, 139, 803, 143,  91, 315,  91,  27, 154, 209, 342,  35,  69,  28, 134, 105,   9, 180, 225, 252, 267, 118, 306, 157,  19, 215,
 841, 408, 956, 545, 333, 197, 497, 286, 280, 522, 597,  87, 221, 183, 127, 222, 240, 261, 617,   9,  32, 309,  80, 155, 336, 219, 163, 190,  35, 131,  87, 227,
 861, 383, 296,  74, 883,  55, 146, 279, 153,  92, 107, 255,  75,  99, 215,  33, 258, 242, 290, 160, 101, 114, 218,  11, 264, 213,  35, 142, 287,  34,  84,  29,
 398, 305,1018, 277, 273, 225, 147, 161, 588, 197,  55, 112,  49, 224,  62, 239, 177, 302, 187, 198, 300, 100, 221, 318,  22, 201, 310, 222, 296, 138, 174,  51,
 331, 219, 195, 176,  57, 191, 237, 131,  99, 148, 205, 258,  32,  73, 297, 103, 227, 200, 105,  20,  26, 104,  79, 143, 141, 295,  98, 173, 116, 312, 302, 136,
 747, 974,1017, 458, 285, 346, 380,  73, 603, 514, 340, 415,1006, 314, 304, 105, 621, 316, 389, 776, 378, 488, 493, 195, 769, 723, 207,  67, 596, 120, 223,  35,
 725, 808, 462, 180, 543,  76,  27, 189, 941, 239, 697, 145, 610,  93,   6, 213, 365,  41, 299,  31, 332, 174,  77, 191,  39, 144,  23, 135, 268, 222, 187, 263,
 977, 636, 784, 639, 546,1003,  80, 255, 766, 141,  93, 237, 142, 206,  28, 181, 561,1004, 703, 239,  78, 248,  74, 288, 371, 203,  91, 202, 215, 124, 100, 234,
 641, 515, 220,  81,  96, 163,  41,  67, 691, 222, 207, 315, 271, 179, 212, 153, 598, 133, 271, 273,  62,  77, 282, 129,   9, 229, 277, 233,  22,  61, 163,   0,
 405, 109, 593, 886, 688, 318, 650, 135, 583, 635, 763, 123, 978, 252,  27, 303, 953, 424, 265,  44, 475, 244,  96, 260, 103, 241, 314, 100, 230, 215, 167, 319,
 675, 196,  37,  80, 587, 126, 306,  83, 798,  13, 160, 267, 281,  37, 185, 209, 954, 231, 122,  14,   7, 274, 244, 157, 266,  35,  60, 304, 307,  56, 204, 188,
 533, 115, 625, 229, 168,  73, 859, 266, 605, 280, 105,   1, 121,  98,  48,  42, 572,  43,  81, 285,  35, 139, 139, 154,  52, 271, 219, 102,   0,  27,  14, 273,
 600,  57, 187, 284,  11, 104, 223, 142, 151,  39, 319, 241, 280,  46, 236, 200, 264,  55,  69,  29, 193,  53, 201, 237,  80, 107, 197,  32, 263,  60, 249, 238,
 569, 453, 899, 567, 323, 104,  85, 157, 687, 910, 471, 319, 690, 286, 220,  31, 735, 827, 677,  93,  24, 124, 225, 268, 185,  18,  73, 235, 214,  30, 216, 258,
 698, 283, 807, 141, 911, 243, 134, 278, 209,  19, 166, 193, 317,  52,  19, 206, 269, 143,  24, 200, 302,  81, 173, 144, 424, 189, 303, 297, 145, 294,  11, 186,
 961, 594, 651, 252, 173, 262, 130,   6, 499, 216, 171, 232, 232,  29, 268, 170, 764, 310, 174,  12, 171, 280, 153,  30, 117, 200, 121, 158, 235, 250,  68, 224,
  11, 295, 116, 272, 111, 273, 317, 308, 230,  64, 314, 192,  18,   1, 242,  87, 304,   0,  60,  72, 170, 245, 229,  92, 214, 253,  16, 312, 108,  40, 319, 246,
 390, 403,  87, 132, 908, 248, 508,  41, 307, 122, 258,  56, 186, 180, 148,  49, 562, 109, 280,  38,  54, 176,  52, 228, 170,  46,  88, 191,  84, 147,  42, 117,
 190, 290, 196, 161,  74, 218, 111,  76,  14, 243, 232, 281, 164, 231, 284, 165, 235,  39, 146,  26, 195,  63,  78, 201, 292, 152,  12,   5, 241, 255, 104,  82,
 116, 304, 199,  33, 106, 310, 241,  65, 141,  23,   5, 174,  13, 257,   7,  22, 254, 246,  15, 133, 218, 213, 180, 259, 229,   7, 237, 266, 206, 135,  69, 282,
 165, 285, 298, 292,  47,  14, 248, 183, 212, 221,  67,  58, 211, 264,  72, 217,  34, 130,  64,  19, 121, 207, 286, 152, 192, 251, 147,  50, 118, 125, 198, 270,
 491, 184, 997, 864, 172, 744, 449, 111, 713, 294, 244, 348, 796, 163, 155,  88, 627, 667, 949, 162, 147, 571, 143,  41, 406, 982, 319, 180, 564, 102,  52, 169,
 760, 454, 614, 734, 671, 201, 303, 261, 754, 415, 738,  29, 940, 209, 174,  56, 192, 300, 320,  44, 790,  41, 105, 255, 893,  62, 160,   5, 254, 307, 220, 286,
 771, 354, 867,1005, 551, 612, 495, 199, 619, 392, 445,  32, 664, 258, 134, 197, 810, 276, 163, 318, 494, 148,  94, 254, 322,  71,  30, 219, 184,  63, 265, 285,
 217, 737,  72,  65, 730, 154, 251,  81, 256, 189, 275, 272,   0, 239,  70, 173, 696, 216,   4, 245, 272,  58, 119, 278, 163, 288,  11, 209, 165, 204,  62, 229,
 939, 652, 704,   9, 602, 666, 152,  58, 742, 869, 361, 313,  99,  10, 248, 148, 981, 711, 840,  13,  16,  56, 168, 217, 550,  90,  70, 107,  31, 296,   9,  59,
 804,  90, 563, 179, 367, 285, 200, 127, 601, 116,  48, 151, 200, 154, 230,  69, 213,  31,  34, 232, 203,  87, 114,  76, 302,  33,  42, 282, 212, 176, 214,  68,
 837, 472, 628, 155,  22, 174, 261,   0,   3,   5,  84, 315,  85,  62, 229, 114, 845,  57, 173,  45,  57,  28, 184,  67, 290, 287, 236, 233, 181, 108, 279, 243,
   7,  74, 195, 104, 213, 121,  32,  27,  34, 201, 228, 141,  75, 269, 219, 139, 111, 168, 273, 158, 144, 115,  20, 165,  78,  18,  52, 122, 109, 160, 308,  25,
 301, 705, 370, 482, 921, 524, 102,  48, 523, 677, 480,  42, 421,  74, 212,  78, 188, 799, 989, 221, 191,  37, 203, 288,  95, 187, 213, 165,  13, 310, 189, 312,
 343, 174,  84,  71, 655, 308, 259,  72, 222, 152, 256, 180, 304, 165, 312,  84, 465,  90,  88, 110,  56, 160,  85, 276,  70, 251, 119,  79, 197, 211, 164, 266,
 321, 661, 917, 643, 951, 237, 133, 120, 737, 245, 171,  90,  46, 207, 106, 271, 171, 765, 112,  42, 215,  10,  26, 211,   3, 228, 271, 206, 288, 210, 257,  73,
 229, 286,  63, 198, 146, 285, 269, 157,  49,  87, 170, 153, 113, 158, 144,   3, 197,   8,  34,  53, 313, 141, 179,  97,  44, 265,  82, 201,  43, 126,  64, 107,
 154, 348, 750,  92, 202,  31, 289, 245, 946,  81, 211, 182,  13,  47, 191, 280, 150, 260,  32,  77, 161, 215, 117, 294,  16, 207, 278, 209, 286,  67,  24,  72,
 206, 187,  47, 251, 134,  77,  99, 181, 159, 214,  19, 252, 272, 284, 122, 105, 226, 236, 119, 138, 271, 190, 239, 129, 104, 267, 286,  43, 318, 163,  63,  91,
 782, 272, 174, 118, 164, 255,  51, 206, 152,  37, 285,  57,  20, 214,  30,   8, 302, 119,  49, 256, 151, 135, 246,  71, 314,  24,  48, 184, 106, 218, 124, 179,
  41,  22,   5, 254, 102,  64, 100, 288, 224, 130, 281,  31, 169,  83, 142, 194, 282, 113, 317, 300, 281,  12, 243, 108,  77, 246, 133, 268,  39,  88, 123, 166,
 858, 281, 377, 745, 178,  52, 699, 217, 947, 131, 707, 111, 436,   5,   5, 132, 909, 788, 363, 259, 644,  22,  88, 313,  25,  99,  66, 115, 286,  72, 256, 210,
 560, 797, 484, 163, 160, 155,  43,  49, 413, 124,  32, 277,  52, 123, 101, 214, 624,  43, 268, 171,  34, 250, 293, 150,  63, 250, 270, 310, 223, 216, 196, 265,
 896, 161, 779, 295, 164,  57, 219, 105, 623,  12, 133,  20, 118, 103, 298, 263, 633, 167,  24, 220, 268,  24, 108, 212, 307, 125,  32, 118, 253, 192, 259,  58,
 375, 166,  44, 290, 146,  28, 186, 258, 266, 205, 132, 214, 314, 169, 287, 135, 198, 177,   6, 104, 228, 303, 291, 134, 235, 254, 216, 142,  11, 183, 141,   7,
 507, 257, 741,  43, 195, 223,   0, 201, 964,1023,  77,  91,  61,  87, 176, 288, 292, 210, 111, 216,  74,  88,  62,   8,  63, 175, 130, 178,  50, 277, 217, 292,
 158, 233,  36, 273,  25,   6,  54,  53, 255, 287, 288, 112, 153, 319, 146, 310,  79,  10,   3,  16, 109, 122, 222, 101, 136,  65,  97, 121,  59,  89, 206, 245,
  89,  50, 171, 147,  81, 244, 220, 186, 210, 284, 318, 199, 307, 275, 150, 163,  25,  92, 174, 314, 163,  33, 308, 215,  47, 296, 188, 317, 295, 272,  46,   4,
  46, 123, 222, 236, 243, 117, 244, 286, 124,  94, 259, 248, 100, 184, 193,  26, 106, 223,  88, 207, 159,   1,  93,  84, 119, 291, 297,  51, 251,   3,  13, 225,
 915,   0, 839,  44, 397,  63, 266, 178, 584, 251, 235, 267,  51, 308,  58,  60, 105, 216, 273, 107,  27,   7, 100, 241,   3, 292, 192, 147,  98,  12,  16, 133,
 437,   3,   1, 115, 241,   0, 277, 235, 131,   8,  38, 244, 219, 291,  92,  69,  84, 319, 162, 227, 304, 146, 142, 167, 108, 129,  41, 113, 263, 119, 238,  50,
 613, 264,  57, 117, 317, 170, 279, 198,  92, 126, 231,  34, 122, 273, 241,  59, 294,  87, 212, 131, 154,  13, 119, 293, 203, 152, 272,   9, 227, 112,  90, 136,
 219,  63, 110,  62, 166, 144,  29, 314, 166,  10,  45, 224,  93, 210, 161, 296, 237,   4, 160, 307,  31, 151, 280,  61, 234, 101, 298, 155,  32, 249, 120, 114,
 108, 192, 152, 136, 150,  82, 112, 250,  95, 254,  29, 250,  74,  70,  18, 297,  29,  97,  35, 116, 317, 118, 238, 103, 314, 312, 223, 151,  41, 157, 169, 239,
 290,  32, 291, 188,  90, 130, 113, 299, 312,  34,  39, 202, 147, 282, 257,   9,  75, 212, 144, 106, 107, 194, 199, 272,  49, 128, 242, 203, 261, 315,  81, 262,
 303, 245, 159, 253, 171, 267,  71, 221, 159, 134, 315,  52, 281, 242, 109, 175, 161,  23,  83,  11, 189,  18, 306, 196, 204,  79, 255,  76, 319, 143, 264, 110,
 184,  43, 211, 213, 115, 232,  24, 256, 213, 111, 183, 263, 313,  80, 254,  66,  37,  89,  94,  78, 155, 186, 252, 275, 299, 289, 190,  85,  55, 185, 260,  17,
 772, 727,  66, 384, 509,  50, 928, 433, 891, 770, 379,1002, 851,  30, 181, 212, 819, 542, 634, 132, 450, 502, 237, 249, 615, 364, 606,  90, 245,  23, 988, 256,
 669, 347, 657,  40, 835, 872, 417, 249, 654, 125, 393, 273, 447, 168,  73, 176, 822, 755, 871, 191, 192,  49, 260,  75, 894, 219,  91, 300, 296, 274,   2, 232,
 986, 460,  83, 979, 942, 609,   4,  25, 444, 646, 440, 180, 746, 143, 277,  27,1008, 186, 402, 220, 159,  98,  12,  50, 434, 133,  67,  74,  21, 209, 248, 207,
  14, 684, 477,  12, 985, 255,   0, 110, 874, 256,  85,   2,  54, 287,  99,  58, 749, 115, 317, 120,  45, 139, 133,  21,  81,  63,  36, 224, 271, 218,  94, 121,
 918, 944, 481, 906,1016, 681, 256,   3, 538, 875,  17,   7, 254,  68, 241, 249, 816, 409, 500, 183, 660, 118, 285,   6, 846, 110, 237, 118,  99, 209, 262,  16,
 991, 838, 288, 152,  20,  86, 211, 197, 578, 133,  63, 233, 105, 278, 265, 156, 829, 266, 161,  25,   2, 249,  82, 151, 265,  79,   3,  77, 130,  28, 168,  74,
 762,  94,  40,  49, 198,  56, 156, 231, 329, 168, 135, 254, 232, 281,   9,  21, 556, 315, 132,  97, 103, 157, 245, 199,  36, 251, 279, 216, 134,  86, 214, 194,
 433, 111, 967,  14,  46, 294, 150, 220, 121, 108, 165, 197,  44, 290, 284, 286, 286, 222,  66, 272, 216, 134,  16, 187, 183,  89, 204,  71,   4, 275, 229,  96,
 852, 336, 487, 373, 194, 510, 368, 111, 456, 916, 787, 136, 469, 116, 278, 100, 729, 503, 955, 668, 580, 265, 246,  66, 680, 103,  82, 134, 141, 229,  32, 160,
 388, 423, 823,  88,  70,  51, 293, 253,  79, 164, 205,  82, 257, 220, 302, 190, 639,  42, 306,  58, 207, 302,  26, 286, 188,  44, 275,  19, 125,  24, 144,  80,
 814, 266, 962, 296, 199, 302, 107,  80, 887, 215, 242, 172, 310, 281, 145,  63, 933, 173,   6, 174, 114, 129, 304, 138, 299, 272,  29, 217, 282, 217,  95, 105,
   6,   1, 126,  29,  28, 115, 262, 289, 203,   9, 286, 284, 210,  69,  40,  42, 485, 276, 163, 293,  71,  31, 274, 267,  11, 243, 110, 148, 206,  94, 228, 254,
  86, 308, 777,  27, 778, 226, 179, 252, 215, 106, 260, 237,  22, 155,  76, 185, 816, 187,  11,  75, 260, 165,  47,  73, 120, 118, 114,  63, 135, 121, 233, 225,
 267, 148, 282, 241, 147, 214, 258, 315,  18, 116, 166, 261,  88, 174,  85, 101, 293, 294, 207,  65,  89, 222,  19,  13, 319,  47, 281, 299, 150,   9, 232, 196,
 315, 214, 255,  57, 143, 314, 110, 244, 151, 249,  78, 235, 292, 319,  83,  64, 210, 241, 215, 316, 192, 191, 118,  35,  33,  61, 162, 252, 316, 153, 181, 202,
 262,  91, 159,  10, 207, 221, 256, 306, 298, 230, 155, 163, 304, 206, 266, 132,  98, 249,  44,  95, 154, 296, 112,   7, 310, 160, 307, 124, 238, 285, 289, 117,
 526, 876, 485, 821, 574, 831, 721, 106, 905, 702,  92, 284,  33,  28, 220,  34, 811, 427, 775, 228, 144,   9, 266, 274, 823, 290,  93, 150,  51, 242,  71, 157,
 780, 793, 284,  97, 121, 233, 231, 223, 360,  16, 234, 191,  42,  53, 275, 164, 167, 286, 201, 291, 180, 316, 143,  36, 219, 146, 316, 308,   0, 175,  98, 259,
 250,  43, 706, 181, 334, 102, 296,  51, 228,  66, 280, 152, 225, 154, 120,  60, 914,  60, 265, 222, 110,  16, 117, 189, 185,  31, 164, 275, 190, 177, 123, 176,
 230, 248, 256,  14, 280, 141,  78, 214, 273,  92, 146, 243, 270, 211,  34, 285, 186,  38, 192,  57, 264, 130, 297, 269, 160, 314, 276,  84,  74, 299,  30,  52,
  19, 647, 452, 193,  46, 103,  29,  47, 117, 100, 211,  36, 214,  75, 179, 207, 449, 116,  90, 258,  92, 145, 156,  72,  58,  94, 275, 163, 299, 270, 250, 122,
 297, 254, 285, 318,  73,  40, 315,  98, 239, 205,  42, 174,  67,   2,  14, 307, 232, 225, 226, 119,  85,  72, 213,  99,  39,  23, 251,  22, 291, 128, 142,  55,
 225, 185, 257, 280, 259, 124, 130, 143, 248, 303, 277,   6,  25, 170, 314, 161, 319, 226, 256, 210, 315, 183, 230, 111,  89, 153, 223, 187, 101,  45, 107, 278,
 122, 252,  76, 191,  88,  54, 106,   1,  84, 118, 267,  53,  43,  69,  79, 158,  99, 177, 150, 255, 254, 192,  32,  91, 224, 209, 202,  62, 246, 306, 290, 298,
 376, 399, 429, 132, 290, 231,  41, 255,  36, 185, 110,  11,  16, 193, 133, 167, 234, 261, 267, 199,  46,  43,  59, 257, 122, 104, 112, 280, 275, 166, 155,  25,
 496, 232,  99,   6, 167, 216, 237, 179, 136, 147, 230, 256, 176, 250, 162, 272, 289, 262, 134, 237, 273, 110,  97, 221, 282, 231, 249,  53, 200, 210, 292, 288,
 724, 136, 279, 300, 105, 258,  81, 222, 242, 107, 101, 209, 286,  58,  79,  46, 252,  29, 268, 298,  64, 147, 200,  88, 128, 260, 213, 179,  67,  85,  38, 204,
  26, 271, 216, 199,  23,  71,  50, 175, 233,  65,  21,   4,  95,  57,  13, 122, 107, 158, 314, 264, 266,  82, 193, 277, 223, 312, 151, 244, 303,   3, 239,  48,
 565, 274, 307, 155, 181, 314,  90, 151, 302,  37, 164, 296, 251, 124, 145, 317, 487,  31, 183, 131, 197,  89, 253, 242, 111,  86, 177, 287,  60,  61, 263,   0,
 261,  32, 156,  52, 302,  62, 102, 212, 150, 300, 268, 103,  27, 227,  30, 219, 202, 278, 304, 115,  33, 281, 132, 310, 143, 199,  68, 208, 280, 161, 138, 271,
  95, 277, 186, 165, 167, 297,  61, 243, 193,  44, 227,  30, 267, 189, 261,  26, 175,  83, 104, 262,  28,  11, 148,  37, 197, 232,  94, 129,  91,  14,  77,  10,
 275, 146, 190,   3,  40,  97,  39, 291, 265, 131,  31, 144, 139, 288, 245, 178,  22, 112,  45, 100, 220, 268, 164, 205, 208,  56,  54,  70, 269,  90, 294, 182,
 457, 987, 107, 177, 404, 286, 576, 253, 552,  50, 800,  48, 992, 187, 239, 124, 470,  18,  74, 135,  21, 153, 846, 273, 923,  43, 120, 129, 165, 148, 234, 289,
 236, 592,  31, 193, 417, 236, 216, 317, 504,  52, 244, 278, 219,  62, 156, 142,  47, 253, 199, 202,  67, 238, 319, 154, 192,  85,   6, 246, 179,  24,  60,  78,
 948, 416, 352, 233, 298, 167,  87,  77, 249,  43, 246, 151, 184, 139, 174, 205, 204, 279, 155, 240, 294, 246,  11, 243, 193,  27,   9, 221, 301, 266,  35, 198,
 490, 117, 208, 246, 278, 270, 191, 118, 302, 209,  73, 183, 230,  22, 222, 252,  56, 118, 249, 248,  10, 282, 236,  37, 277, 203, 113, 100, 205,  72, 250, 213,
 479,  47, 272, 296, 428,   0,  16, 117, 443, 272, 100, 166, 196, 306, 118, 126, 993, 185,  24, 201,  69, 179, 176,  90,  63,  99, 123,  45,  71, 238, 242, 277,
 232,  97, 165, 261, 182,  63, 230, 178, 292, 146,  50, 109,   9, 108, 296,  54,  77, 105, 310, 144, 211, 112,  48,  29,  69, 169, 318,  86, 264,  98, 191,  12,
 386, 175,  28,  52,  72, 151, 313, 148,   3, 192, 270, 190, 268,  65,  33,  29, 181, 236, 152,  22, 232,  46, 301,  61, 225, 158,   5, 103, 211, 261, 224, 280,
 130, 103, 207, 210, 245, 190,  59, 113,  91, 242,  23, 264, 143, 107, 111, 157, 290, 297, 214,  39, 194,  53, 217, 271, 285, 269, 106,  83,  97, 152, 116,  92,
 518, 649,  34,  43, 185, 312, 280,  95, 359, 227, 107, 116, 249, 157,  31,  52, 282,  26, 133, 233, 245, 318, 242, 208, 262,  91, 318,  28, 307,  55, 153, 101,
 394, 178,  56,  27, 277, 114, 192, 131, 279, 241, 178,  49,  61,  86, 282, 316, 232, 176, 265, 223, 249,  59, 122,  45, 243, 138, 222, 301, 312, 313, 118, 290,
 353, 177, 278, 199,  63,   9, 124, 158, 136, 161, 169, 307, 251, 191, 272,   6, 306, 163, 180, 232, 208,  94, 151, 287,  34, 270,  25, 241,  81, 131, 317, 260,
 298, 242, 146,  18,   7, 216,  88, 189, 289,  68,  24,  55,  26,  50,  74, 127,  13, 164, 269, 258,  96, 184, 227, 168, 280, 202, 159,  51, 300,  47, 255, 200,
 391, 280,  24, 278,  97, 132, 319,  80, 294,  55, 285, 292,  10, 262, 287, 203, 245,  31,  50, 111,   5,  70,  98, 244,  85, 304,  67, 141, 204,  96, 267, 175,
  26,  84,  16, 279, 104, 166,  74, 274,  41, 209,  95, 181, 225, 173,  93,  44, 100, 301,  25,   4,  51, 192, 121,  23, 219,  36, 185, 186, 252, 235, 193, 162,
 302, 102, 248, 147,  41, 111, 162, 122,  24, 196, 308,  13, 250,  95, 295,  82, 161,  32,  47, 226,  75,  27,  43, 130,  80, 109, 196, 156,   7, 253, 258, 195,
   2, 215, 153, 114, 297, 299,  62, 257, 306, 179, 221, 212,  21, 234, 233, 223, 244, 170,  76,  81, 139,  40,  54,  60, 199, 239,  58,  93,  42, 273, 231, 311,
 789, 157, 549, 147, 866,  13,  27, 152,  26, 167, 263,  70, 284,  51,  43, 264,   3, 260, 150, 183, 161,  97, 191,  65, 955, 103, 153, 127, 143, 208, 197, 231,
 233, 130, 241, 294, 157,  66,  28, 298,  88, 277, 243, 120, 245, 113,  80,  67, 162, 204, 152, 303,  90,  51, 255, 252, 261, 163, 266, 274, 297, 166, 100, 279,
  13,  55, 116,  47, 104,  32, 273, 184,  10, 173, 134,  36,  68, 224, 144,  11, 111, 288, 197, 114,  43, 229,  51, 156, 119,   1, 313,  79,  57,  44, 208, 267,
  16, 115, 265, 134,  85,  90,   9, 196,  84, 151,  81, 215, 152,  41, 167, 268, 124, 193,  92,  26, 175,  80,  63,  42, 212, 308, 148, 211, 199, 304, 112,   8,
 717, 267, 239,  61, 221, 194, 261, 232, 261, 221, 185, 216,   3, 260,  90, 102, 192,   9,  61, 294, 278, 129, 240, 160,  95,  82, 128, 293, 216, 164,  76, 104,
 203,  78,  33, 119,  26,  39,  55, 107, 170,   1, 155, 289,  13,  31,  45, 301, 113,  94,  99, 133, 188, 317,  80, 287, 122, 276, 215,  73, 210, 258, 135, 159,
 103, 164,  98,  78, 300, 239, 316,  85, 304, 316, 306, 169, 318, 165, 177, 235,  42,  62, 205, 141, 289, 233, 170,  34,  64, 171,  72,  41,  73, 155,  18, 302,
 110, 189,  11, 109, 116,  59, 108, 153, 148,  86, 180, 198,  47,  71, 274, 136, 296,  12, 262,   2,  83, 173,  70, 234,  29,  21,  87, 126, 241, 132,  49, 137,
 381,  73,  85, 286, 112, 135, 232, 315, 156,  42, 262, 165, 105,  84,  99,   1,  72, 109,  59,  71, 285, 257, 235,   4,  69,  32, 186, 161,  45, 212, 299, 306,
 239,  74, 127, 156, 236,  91, 217,  10, 196,  67,   2,  12, 229, 141,  46, 195, 214, 153, 210, 229,  69,  35,  87, 116, 169, 296, 293, 170,   5,  77, 181, 248,
  70, 220, 301,  64, 257, 176, 201,  16, 255, 295, 184, 259, 243, 181,  96, 108, 270, 225,  84, 297, 214, 174, 106,   5, 118, 263, 245,  23, 236, 256, 183,  56,
 213,  53,  97, 282, 235,  99, 165, 203,  61,  25, 143,  98,  19, 197,  37, 318,  24, 315, 274,  46, 147,  86, 177, 128, 135, 278, 189, 102, 221, 150,  75, 149,
  50,  93,  42,  29, 229,  24, 303, 304, 317, 298, 225, 234,  34, 134, 154, 236, 233, 206, 277, 143, 310,  25, 105, 251,  64, 144,  38, 218, 190, 237, 194,  20,
 160, 313,  94,   7,  18, 177,  22,  96, 281, 226, 175,  28,  63, 266, 300, 228,  10, 159, 259, 302, 292,  95, 174, 295, 124,  54, 253, 220,   6,  38, 171,  15,
  58, 252, 202, 289, 100,  87,  73, 121, 301, 105, 226, 290, 205, 279, 160, 265,  66,   6, 251, 281, 136, 219,  44, 127, 207,  74, 138, 230, 222, 123, 115, 305,
 134,  19, 308,  79, 201, 307,  67, 168, 284,  72,  27,   0, 133, 188, 218, 140, 228, 120, 101, 145,  52,  36, 276, 125, 191, 180, 176, 309, 187, 240, 172, 283,
 566, 576, 464, 291, 695, 645, 980, 777, 448,1013, 686, 142, 743, 670, 596, 242, 362, 726, 474, 277, 870, 110, 494,  91, 430, 663, 793, 255, 218, 100, 229, 143,
 459, 728, 351, 931, 599, 379, 848, 157, 537,1012, 176, 137, 516,  80, 179, 108, 124, 919, 133, 271, 369, 286, 309,  35, 231, 142, 180, 280, 160, 166,  48, 241,
 642, 547, 339, 358, 965, 920, 200,  58, 879, 799, 260, 105, 668, 200,  92,  75, 767, 275, 118,  92,  59, 213,  79,  72, 302,  56, 112, 186, 239,  34, 140, 123,
 119, 139, 964, 252,  18,  98, 180, 274, 212, 231, 233, 271, 205, 202, 265, 224, 205,  53,  23, 122, 106, 220, 272,  40, 229, 266,   7, 179, 255, 158, 198,  45,
 468, 620, 382,1001, 616, 640, 400,   9, 692, 247,  53, 243, 214, 185,  50, 186, 685, 539, 868, 309, 364,  10, 294,  25,1010,  31, 199, 132,  91, 273,  47,  70,
 149, 970,1014, 242, 624, 317,   3,  29,  54, 319,  28, 302,  41, 124, 245, 100,  51, 229, 106,  12, 164, 275, 120, 264, 126, 206, 240, 125, 258,  32, 194, 111,
 801, 223,  57,  73, 824, 164, 130,  57, 486, 307, 264, 121,  58, 204, 104, 211, 581, 121, 215, 183, 276, 204, 292, 246, 309,  38, 152,  44, 139, 304, 206, 220,
 375, 308,  66, 145, 124,  49, 168,  79, 210,  20, 134, 285, 279, 233, 269, 300, 180, 173,  33, 318,  34,  65, 287,  89, 222, 149, 246, 163, 176, 254, 299, 129,
 311, 136, 565, 173, 828, 521, 100,  66, 238, 701, 876, 103, 183, 267, 305,  82, 356, 632, 822, 289,  35,  88, 106,  85, 924,  81,  32, 293,  38, 130, 271, 154,
 733, 278,  81, 120, 168,  36, 288,  28, 938,  46,  55, 146, 223, 118, 228, 218, 345, 246,  62, 121, 204,  62,   3, 195, 239, 287, 259, 298, 202, 238, 293, 304,
 246, 210,  48, 160,  82,  15, 243, 108, 594, 221, 290,  81, 777, 254,  30, 231, 123, 206, 197,  90, 205, 306,   0, 278,  57,  85, 187, 251, 137, 175,  78, 300,
 595, 228,  94, 299, 181, 272,  47, 295,  58,  41,  79, 280, 193, 235,  22, 151,  21, 256, 174,  54, 271, 269, 162, 273, 297, 144,  27,  60, 272, 257, 132,  49,
 525, 129, 820, 199, 165, 256, 103,  48, 586, 117, 253,  90, 194, 149, 251, 260, 810, 161, 315,  20, 278, 238,  27, 140, 267, 239, 149, 221, 295,  42, 281,   4,
 960,  31, 101,  83, 124, 114, 144, 112,   3, 289,  76, 272, 189,  50,  37, 102,   4, 233, 192,  39, 231, 262, 217, 193, 288, 140,  89, 276, 284,  69, 211,  97,
 374, 125, 117,  29,  78,   9, 285, 220, 307,  55, 100, 203, 319, 271, 255,  67,  73,   7,  62, 240,  92, 126,  85, 248, 161, 209, 293, 200, 280, 288, 212, 159,
 161, 155,  82, 158,  15,  39, 110,   4, 186,  11, 304, 317, 222,  19, 137,  40,  11, 286, 138, 265, 248, 203,  38,  56, 281, 274,  30, 164, 145,  74,  31,   6,
 850, 536, 324, 407, 682, 712, 857, 155, 441, 844, 112, 124, 868, 302, 167, 101, 637, 888, 847,  46,  35, 960, 315,  41, 753, 102,  28,  16, 312, 196, 263, 296,
 337,   2, 656, 110, 996, 257, 170, 145, 927, 278, 678, 203, 276,  60, 136,  65, 325, 266, 300, 256, 128, 123, 142, 165, 298, 195, 152,   1, 173,  69, 252, 264,
 508, 329, 540, 258, 544, 260,  45, 212, 836,  18, 222, 216, 117, 218,  46,   9, 907, 208, 135,  63,  42, 180,  11, 314, 220,  66, 315,  52, 250,  15, 104, 262,
 582, 187, 244, 307, 110,  32,  26,  62, 197,  82,  70, 255, 241, 157, 291,  85, 146, 119, 245, 132,  20, 164, 275, 310,  15,  97, 248, 140, 300,  12, 174, 240,
 768, 483, 263, 114, 135, 199,   6,  70, 366,  10, 239, 178, 289, 261, 181, 111, 878,  85, 294, 275, 237, 104,  23,  79, 290, 236, 101, 252, 219, 150,  33,  26,
 879, 242,  46, 277,   0, 304, 154, 296,  36,  52, 166,  93,  62, 188, 286, 190, 121,  88, 107,  60, 229, 265, 197, 118, 120,  42,  76, 223,  77, 187, 311,  39,
 467, 122, 259,   3,  80, 136,  76, 195,  79, 308,  15,  71, 273, 152,  99, 172,  70, 319, 232, 283, 132, 140,  89, 254, 242, 106,  34, 160, 243, 212, 268, 133,
 205, 291,   6, 310, 191, 143,  38, 120, 135, 314,   0, 218, 224, 194, 149,  63, 199, 103, 288, 170, 219,  75, 303,  87, 284, 123, 186, 128, 189, 105,  73, 116,
 736, 496, 674, 926, 720, 134, 242, 110, 877,  51, 201, 180, 227, 129, 287, 274, 264, 244, 207, 164, 312,  49, 240, 178, 235, 310,  61, 138, 283, 155, 222, 172,
 226, 192, 249,  56, 292,  53,  60, 254, 304, 299, 199, 286, 151, 312, 266, 290, 145, 147, 311, 232, 251, 291, 135,  90, 276, 237, 100,  77,  54,  70, 265, 131,
 972, 319, 282, 303, 275, 131, 183,  43, 317, 186, 219, 245, 155, 298,  64, 162, 242, 294, 229,  51,  80,  96, 191,  27, 290, 270, 159,  97, 314, 285, 102, 199,
 201,   3, 254, 259, 139, 154, 227,  83, 204, 147,  87,  36, 259, 190,  20,  44, 262, 200,   5,  84,  85,  10, 257, 112,  72, 176, 308,  37, 258,  25, 307, 115,
 854,  53,  22,  62,  46, 237, 149, 194, 166, 266, 153, 170, 304, 310, 259, 306,  46, 143,  15, 274, 130,  52, 245,  28, 249,  73, 161,  89, 140,   1, 128,  45,
   0, 126,  85,  54, 253, 170,  50,  34, 201,  91, 106, 231, 112, 121,  88, 229, 220, 225, 206, 189,  44, 297, 318, 153, 168, 163, 291, 305, 191,  71, 234, 210,
  84, 251, 207,  28, 128, 203, 235, 107, 103,  38, 136,  47,  90, 287, 108, 311,  57, 114, 295, 137, 125,  64, 141, 150, 228,  82,  63, 185,  83, 101,   3, 168,
 141,  13, 314,  42, 202, 315, 281,  23, 275, 195, 179,  25, 126,  68, 250, 309, 317, 149,  32, 151,  29, 160, 188, 214, 218, 110,  92, 279, 122, 167, 256, 301,
 373, 898, 442, 289, 885,   1, 990,  87, 902, 293, 224, 268, 833,   8, 250, 272,1009, 517, 259,  18,  15, 191, 116,  63, 211, 124,  84, 253, 135,   0, 261, 235,
 235, 786, 943, 113, 387, 267,  79, 282, 492, 213, 235, 122, 298, 203, 175,  73,  65, 276,  44,  78, 170,   6,  51, 260, 126,   9,  88,  81, 121,   4, 276, 192,
 773,  62, 958, 170,   8,  29, 127,  12, 330,   6, 168,   8, 125, 136, 196,  72, 731, 111, 224, 225, 152, 134,  59,  43,  58, 282,  47, 155, 238, 297, 309, 178,
 455, 191, 165, 184,  49,  55, 240,  80,   7, 221, 183, 217,  67, 217, 267,  16,  73, 126, 187,  11,  81, 219, 262, 172,  38, 172, 188, 199,  87,  51, 306,  98,
 714,  28, 715,  85,  53,  99,  87, 151, 166, 106, 260, 131, 231, 157,  80, 205, 313, 201, 118, 285, 154, 194,  20,   5, 253, 300, 248, 295, 270, 264, 145, 170,
 884, 273, 195, 308, 306, 242,  39,  62, 225,  84,  98, 152, 193, 289, 142,  30, 307, 299, 130, 103, 119, 252, 255, 241, 144, 248, 187, 290, 205,  85, 113,   7,
 988, 297, 300, 262, 112, 149,  42, 258, 270, 231, 249, 251, 218, 129, 190, 143, 180, 163, 149, 306,  90, 313,  83,  50, 129, 267, 150,  49, 154, 118, 244, 120,
 135, 100, 190,  48, 122, 302, 319, 198, 223, 211, 108, 185, 295,   9, 164,  36, 249,   8,  81, 189, 238,  52, 266,  82,  93, 159,  12, 294,  35, 244, 101, 161,
 959, 629, 511,  74, 853, 157,  16,  60, 190, 228, 148, 198, 170, 239, 261, 240,  77, 271,  18, 104, 101, 283, 150, 319,  29, 120, 284, 296, 278, 166, 216, 181,
 995,   5, 221,   1, 319,  93, 220, 294,  98, 283, 274, 169, 155, 242, 313,  58, 895, 188, 284, 186, 257, 206,  42,  19, 308, 319,  10,  52,  80,  75, 125, 237,
 966, 212,  32, 127, 257, 304, 318, 159, 108, 198,   5, 133, 121, 160, 203, 286, 192, 124, 182, 191,  34, 295, 228, 132, 104,  64, 135, 273,  70, 117, 223,  61,
  93, 161, 114,  26, 173, 266, 214, 202, 162, 307, 236, 234, 180, 182, 184,  77, 128, 218,  80,  29, 244, 309,  57, 222, 276, 312, 220,  15, 282, 317, 253,  99,
  23, 107, 223, 298, 194,  59,  67, 156, 203,  50, 131,  65, 185, 145,  26, 302, 251, 317, 282, 237, 297, 279, 249, 257, 287, 281, 102, 202, 138, 122,  44, 307,
 245, 111,  87, 149,  61, 172, 170,  41, 136, 296, 227, 172,  20, 196, 249, 135, 143, 103, 132,  55, 149, 223, 305, 183,  13, 191, 229, 204, 250, 137,   0,  22,
 206, 130,  64, 192,  79, 227,   7, 141,  15,  18, 272, 219, 123,  54,  34, 165, 148,  63, 201, 178,  45, 229,  76, 236, 173, 100, 121, 242, 262, 105, 111, 299,
 109, 281,  84,  24,  33, 199, 176,  70, 261, 168,  97, 232,  63,  53, 197, 292, 221, 131, 235, 196, 265, 298, 310,  46, 146,  72, 241, 175, 195, 277, 207, 177,
 963, 973, 156, 102, 689, 278, 200, 309, 420, 279, 166, 152, 303, 161,  42, 248, 372,  11, 198, 105, 295, 128, 318, 193, 182,  60, 156,  61, 210, 219, 204,   3,
 216,  85, 122, 146, 264, 311,  31,  40,  36, 209,  76,  20, 200, 234, 124,  90, 100,  28, 271,  34, 117,  66,   9, 127,  84,  53, 119, 168, 294,  46,   4,  74,
 320,  29,  73, 123, 205,  84, 280, 271,  77, 313, 259, 158, 150, 126,  48, 189, 100, 251, 115, 129,  67,  59, 145, 157, 170,  31, 145, 106, 195,  81, 151,  54,
  75, 119,  58,  30,   1, 108, 121, 297, 231,  30,  68, 196, 270, 171, 283, 107, 192, 125, 171,  22, 113,  71, 211, 231, 134, 236, 143, 228, 246,  79, 284, 130,
 950, 278, 220, 161, 207, 171, 243, 115, 260,  12, 159, 308, 160, 109, 120, 125,  35, 222, 186,  48,  22, 270, 236, 123, 185, 263,  55,  37, 112, 266, 251,  29,
  23, 155, 262, 240, 105, 167,  91, 259,  76,   8, 169,  92, 141, 103, 133,  18,   0, 136, 140,  45,  14, 235,  72, 253,  41,  49, 201,  27, 233, 271, 317, 221,
 110, 179,  54, 152, 139, 222, 194, 180, 188,  83, 198, 176,  27, 182,  60, 191, 245,  90, 114, 264,  97,  32, 155,  77,  60, 224, 109,  75, 183, 197, 213, 144,
 214, 171, 298, 182, 203, 241,  56,  13, 252, 113, 239,  99, 102, 220, 192,  78,  39, 239, 258, 293,  18,  44, 304,  47, 273,  14, 127, 117,   5, 162,  10,  95,
 553,  27, 150, 225,  18, 265,  63,  81, 182, 307,  30, 108, 309, 153, 211,  47, 308, 199, 258,   0, 259, 171, 280,   8,  60,  68,  31, 163, 129, 243, 127, 173,
 128, 115, 203, 305, 228, 154, 248, 147, 144, 288, 125, 160,  97, 132, 143,  13, 161, 282, 297, 315, 299,  73, 182, 176,  51,  58,  71, 212,  82,  26,  93, 205,
  54,   7,  51, 223,  91, 315, 118, 190, 262, 277, 141, 164,  24, 145,  41,  55, 266,  65, 195, 255, 165, 184, 217,  38, 297,  35, 263,  80, 260, 252, 202, 139,
 296,  31, 300, 111, 255,  88,  12, 124,  38,  73,  50, 306,   6, 100,  40, 302, 120,  20, 137, 243, 136, 138, 213, 233,  42,  91,  67, 261, 245,  23, 289, 226,
 186, 281, 195, 104,   5, 234, 218,  75,  33, 133, 189, 171,  85, 294,  25,  14, 147, 188, 164,   4, 298,  51, 293, 231,  87,  34, 200,   6, 226, 232, 180, 174,
  47, 141, 265, 283, 212, 258,  59, 166, 109, 311, 295, 173,  79, 268, 116,  94, 200, 306, 313, 219, 159, 102, 175, 148,  24, 303, 165, 134,  19, 179, 285,  21,
  66, 170,  14, 234, 137, 289, 167,  37, 235, 233, 132, 215, 107, 209,  11, 187,  26, 182, 122,   1, 311, 158, 296, 290, 248, 169,  43, 193, 225, 274,  36,   2,
  61, 294, 268, 287, 239,  45,  52, 216, 104,  56, 118, 269,  69,  16, 278, 208,   9, 280, 210, 181, 153,  98, 267, 230,  62, 318,  74,  96,  28, 156,  86, 316,
 414,  29, 338, 243, 849,  45, 785, 196, 463, 903, 101, 290, 438, 312, 225, 266, 643, 295, 151, 215, 309, 230,  48, 234, 832, 112, 199, 173, 159, 249,  67,  37,
 425, 648,  12, 111, 182,  84,  99,  26, 122, 105, 241, 223,  39, 297,  42, 231, 233, 179,   5,  94, 802,  46, 208, 165, 202, 197, 285, 268,  68, 225,  41, 129,
 945, 920, 187, 213, 976, 274, 309, 205, 241, 132, 196, 199,  96, 135,  15, 125, 758, 151,  48,  78, 304, 294, 306, 158, 144, 271,  93,  65, 319, 145, 122, 107,
  42, 228, 255, 156, 244, 237, 126,  20, 218,  37,  39, 133, 261,  40,  47,  56,  55,  36,  70, 302, 162, 197, 259, 100, 262, 136, 273, 230,  82,  29, 310, 193,
 252, 306, 193,  29, 527,  33, 144, 173, 860, 242, 112,  48,  36, 130, 153, 240,  10, 290, 290,  76, 143,  60,  17, 172,  18, 172,  51,  85,  39,  43, 105,  52,
 328, 277, 159, 220, 285, 149, 196, 271, 123, 294, 310, 192, 132, 250, 183, 239, 122,  91, 149, 156,  62, 251,  84, 178, 295, 283, 317, 278, 102, 103,  75, 155,
1011,  47, 202, 170, 233, 225, 232, 134, 155,  15,  39, 111,  50,  27, 151,  43, 285,  51, 271, 101, 121,  83, 222,  54,  11, 130, 234, 289, 221,  66,  88,  80,
  13, 168,  22,  72, 258, 316,  77, 215, 219,  28, 316, 209,  55,  70, 199,  76,  79, 232, 305, 188,  78, 318, 223, 146, 213, 104, 269, 296,  15, 260, 148, 226,
1020, 419, 498, 676, 344, 175, 227,  98,  67, 143, 198,   0,  38, 245, 143, 257, 863, 310, 193, 119, 159, 125,  10,  44, 299, 306, 174, 106, 213, 251, 206, 250,
 179, 287, 275, 211,   9,  79,  73, 265,  49, 315, 188,  62, 204,  96, 121, 126,  94, 131, 116, 282,  40, 199, 202,  17, 101,  95,  45, 178, 276, 209,  72,  31,
 716,  54, 145,  60,  37, 172, 298, 232,  72, 198, 172, 131, 264, 179,  36,  50, 229,  77,  52, 207, 237,   4,  15, 192,  12, 189,  13, 208,  60, 164, 180, 315,
 102, 269, 290,  38, 289, 309, 246, 166, 181,  52, 168, 187,  97, 134, 214,  32, 108, 106, 183,  64, 232, 280, 283, 142, 138, 227,  17, 249, 124,  20, 219,  18,
1023, 226,  72, 207, 310, 154, 133, 285,  25, 104, 248, 206,  95, 282,  69, 176,  28, 279, 294, 212, 304, 293,  96, 267, 179, 193,   6, 264,  58, 136,  46, 157,
  12, 201, 187, 293, 195, 194, 160, 122, 203,  45,  19,  16,  52,  10,  23, 213, 210,   1, 175,  86, 266, 255, 186,  53,  35, 228,   2, 312, 100, 107, 200, 216,
 108, 153, 306, 149, 184,  95, 120, 139, 202, 158, 302,  86, 114, 230,  98, 275, 318,  15, 137,  16, 149,  22, 190, 218,  74, 246, 143, 274, 257,  62, 297,  41,
 281,  21, 225, 136, 174,   0, 240,   2,  64, 185, 287, 229, 317, 236, 141,   5, 305,  23, 280, 292,  63, 252, 251, 135, 190, 245, 191,  34, 242,  87, 170, 171,
1022, 531, 984,  77,  38, 153, 186,   0, 189, 261, 228, 267,  59, 279,  69, 183, 751, 105, 208,  27, 297, 277, 219,   1, 251,  87, 241, 168, 174,  90,  17,  86,
 128,  98, 102,  85, 120, 304, 220,  22, 315, 273,  74, 260, 116,  99, 308, 160, 274, 196, 294, 306, 228, 245, 238,  71,  34, 213,  50,  38, 154,  36,   3, 217,
 607, 208,   4, 103, 136, 236, 292, 177, 141, 117,  58,  68, 191, 162, 315,   7, 243, 216, 287, 188,  10,  23, 216, 167,  32,  28, 125, 175, 187, 307, 210, 318,
 307,  44, 278,  53, 183,  11,  81,  86, 173, 104,  29, 263,  21, 201, 155, 251, 259, 234,  35, 198, 150, 265,  66, 276, 268, 161, 270,  88, 249,   6, 139, 295,
 421,  65, 181, 292, 191, 114, 147, 117, 311, 298, 116, 156,  72,  96, 106, 283,  77, 204,   7, 315,  84, 311, 225, 288, 253, 145, 212, 259,  54, 151, 238,  81,
  34, 203, 118,  41,  12,  17, 194, 167,  98,   0, 114, 177, 296, 115, 134,   4, 303, 129, 104, 248,  45, 282,  43, 289, 230, 302,  25,  11, 185, 267,  44, 141,
  79, 317, 103, 268, 231,  50, 217, 272,  21,   5,  37, 110, 234, 112,  57, 201, 199, 287, 115, 221, 255, 108, 260, 286, 278, 231, 205, 148, 306,  13, 165, 166,
  96,  74, 174, 300, 226, 176, 242,  90, 214,  33,  83, 282, 175, 262,  61, 253,   4,   5, 233,   9,  17,  61, 179, 261, 272, 207, 195, 235, 114, 181, 203,  24,
 658,   2,  36, 316, 219, 303, 282,  80, 285, 265,   5, 135, 316, 289, 230, 202,  17, 128,  42, 266, 102, 170,  34,  74, 318, 311, 277, 197, 203,  63, 137, 309,
 210, 218, 176, 240,  28,  19, 234, 298,  85, 252, 107, 242, 274,   7, 235,  91,   1, 155,  79,  13,  88, 260, 278, 239, 263, 183, 255,  47, 153, 133, 150, 236,
 232, 245, 299,  45,   6,  70, 132, 197, 307, 239, 220,  95,  42,  73, 221, 118,  56,  96, 248, 253, 143,  79,  29, 317,  78,  71,  55,  49,  26, 163, 147, 126,
  15, 174, 133, 186, 195, 137, 198, 305,  10, 297, 142, 225, 177, 106,  84, 159, 204, 290, 144,  73, 222, 212, 161, 241, 118, 165, 111,  43,   2, 284, 156, 109,
 255, 235, 145,  76,  77, 292, 258,  92, 282, 125,  60, 196,  82, 295, 152, 233, 176, 138, 300,  66,  47, 186, 262, 120, 281,  50, 188,  98, 195, 223, 272, 192,
  39,  51,  69, 147,  56, 299,  95, 105, 137,  26,  97, 130,  92, 144, 277, 244, 111, 307, 136, 180, 257, 319,  16,  67,  99,  27,  78, 108,  66, 308, 243, 184,
 177,   8,  93,  17, 205, 264, 189, 228, 283, 120, 102, 224, 100, 263, 252,  12,  97, 132, 231, 273, 194,  72,  21,  94, 300, 258, 124,  99,   9,  93, 173, 113,
 223,  49, 121, 162, 311, 157,  55, 123,   7,  77,  80,  75, 180,  81,  51, 119, 302, 152, 236,  18,  41, 215,  58, 169,  46, 211,  20,  59, 196, 127,   8, 313,
 900, 130, 748,  99, 283, 168,  63, 252, 432,  82, 231,  53,  36,  74, 218,  71, 317, 216, 283, 307,  41,  47, 316, 297, 156, 316,  97,  87, 271, 222, 275, 287,
 638, 286, 235, 161, 233, 254,  84, 163,  79,  86,  53, 291, 205,  25, 210,  59, 203,  50, 159, 270,  17, 157,  13, 114,  63, 214, 173,  10, 134, 140,  34, 258,
 528, 207,  18, 279, 273, 166, 154,  96, 835, 222,  30, 236,  31, 216, 153, 114,  78, 240, 252,  86, 267, 272, 175, 164,   6, 196, 204,  94, 286, 214, 108, 182,
 254,   5, 275, 239,  44, 306, 279, 174,  99,  54, 162, 301, 123,  17, 181, 288, 256, 182,  43, 201, 302, 144,  91, 160,  20,  13,  77,   3, 110, 120, 169,  69,
 895, 160,  29,  76, 262, 163, 295, 281, 258, 191, 230, 225, 235,  77, 187, 127,  72, 161, 208,  35, 260, 207,  28,  93, 313, 255, 133,  23, 125, 199,  66, 265,
 213, 121,  37,  75,  34, 229, 173, 132, 266, 265,  47, 275, 194, 212, 304,  51, 116,  66, 228,  70, 140, 288, 274,  88, 251, 218, 306, 284, 236, 180, 163, 189,
  41,   4,  80,  98, 287, 109, 317, 245, 118, 184,  62, 256, 197, 309, 185,  91,  56, 187,  27, 176, 104,  26, 136,  55,  68,  25, 192,  42, 283, 228, 117, 119,
 241, 301,  21, 267, 294,  73,   6, 105, 298, 279, 160,  46,   2, 243, 115,  38, 123, 278, 142,   0, 141, 208, 212, 102,  32, 174,  26, 153,  37, 215, 315, 147,
 631, 288, 253, 119, 202,  10,  78, 281, 274,  95, 164, 100, 301, 161,  68, 195,  25, 137, 216, 181, 170, 289, 138,   9,  46,   5,  37,  17, 231, 302, 279, 152,
 299, 125, 190, 151, 211,  65, 307, 136, 300, 260, 137, 144, 275, 221,  54, 112, 173,  12, 256, 245,  74, 113,  92,  32, 294,  97, 240,  30, 230,   2,  27, 145,
  61, 283, 148, 244,  13, 180,  17,  67, 163, 151,  92, 277, 212, 102, 211,  28,  88,  57, 165, 110,  66, 235, 234,  24,  94, 141,   4,  21, 176, 268, 186, 188,
  31, 116,  20, 313,  95, 251,  11, 155, 166, 220, 305, 262,  12,  78, 152, 104, 155, 129,  85,  41, 261, 143, 225, 264, 119, 233, 295,  66, 224,  16, 130,  14,
 296,  71, 286,  56, 184, 156, 301, 137, 232, 256,  81, 126, 101, 169, 168, 217,  95, 272, 289,  33,  29, 115, 182, 219, 148,   8, 261,   3,  56,  49, 298,  79,
 282, 118, 252,   6,  24, 183, 309,   8, 113,  39, 161, 297, 165, 110, 120, 318,  54,  82, 127,  36, 108,   3, 268, 109, 182, 234,  73,  61, 151,  11, 201, 314,
  27, 282,   9,  87,  96, 103, 126, 116, 122, 124, 243, 115, 159, 278,  45, 210, 254,  44, 198, 203, 144,  58, 239, 308, 275, 205, 266, 140, 220,  84,  89, 291,
 189, 253, 205, 304,  25,  85, 226, 106,  29, 255, 125, 150, 290, 248,  71, 128,  83,  92, 107, 319,  50, 133, 270, 263, 112, 237,  90, 167,  59, 259,   1, 303,
 270, 102, 235, 192, 313, 120, 256, 290,  59,  80,  66, 291, 169,  88, 311, 122, 234, 134, 128, 278, 182, 273,   6, 121, 239, 140, 252, 136,  91, 203,  85, 209,
 144,   3, 292,  87,  80, 199,   2, 180, 176, 232, 182,  72, 125, 230, 110, 172, 283, 101,  52, 244,  37,  56,  60, 218, 177,  93, 193, 272, 290,  55,  96, 190,
  87, 133, 127, 265,  46, 135, 248, 171, 230,   1, 303,  44, 266, 250,  79, 254, 133, 191, 237, 218, 309, 262, 207,  82, 107,  70,  98, 298,  50, 223, 293, 300,
  54, 158, 100, 274,  62, 139, 221,  93, 289, 317, 179, 219, 308, 170, 299, 319, 318, 210,  28, 178, 269,  27,  25, 242, 264,  45, 286, 311, 168, 292, 232, 281,
  73,  16, 170, 179, 214,  81, 279, 226,  75,  14, 233, 245, 109,  18, 121, 255, 223, 108, 241,  58, 240, 106, 302, 100, 171, 268, 301, 229, 248, 206,  30, 149,
 196, 205,  17,  50, 291, 175, 188,   5,  32, 204, 307, 143, 263,  58, 202, 280, 276, 165, 183,  89, 118, 150, 110, 124,  31, 135,  56, 249, 309, 256,  40,  64,
  51,  36, 212, 270,  14, 275, 111,  74,  85,  22, 297,  63,  52, 285,  23,  97,  15, 159, 246, 112, 177,   7, 307,  31, 292,  17,  16, 299, 128, 310, 282,  19,
 229, 295, 156, 266, 161,  20, 151,  15,  57, 101,  82, 200, 145, 186, 237, 138, 253, 195,  71, 206, 314, 202, 277, 312, 164,  67, 184, 257,  94, 305, 131, 227,
 236, 110,  26,  25,  61,  90, 259,  54, 218,  41, 275,  24, 257, 253,  87, 270,  51, 151, 130, 118, 268, 107, 196, 220,  88,  52, 132, 177, 226,  92,  70,  62,
 112, 271,  23, 317, 306, 225, 223, 191,  44,  22, 251,   9, 146,  29, 117, 207,  11, 117, 141,  63, 104, 189, 296, 187,  18, 275,   7, 123, 106, 111, 215,  83,
 199, 160,  82, 237, 256,  49,  72,  21, 175, 137, 153, 314,  15, 296, 229, 294,  47, 246,  95, 162, 271,  75, 179, 238, 280, 116, 292, 304,   0, 201,  22,  39,
 132, 171, 113, 173,  64,  34,  98, 101, 174, 267, 258, 310, 192, 148, 206,  89,  81, 122,  19, 285, 288, 301, 140, 185, 291, 121, 105, 194, 287,  76, 103,  33,
 228,  55, 311,  46,  31, 131, 114,  86, 242, 315, 155,  84, 181, 241, 199,  32, 227, 243,  13, 213, 119, 254,  12, 211, 160, 168, 319, 214, 167,  78, 162, 269,
  93,  37,  48, 142, 286,  42,  49, 164,  70, 270, 264, 222,  17,  43, 273, 246, 221,  80,  14, 197, 152, 300, 126, 224, 115, 114, 254, 139, 208, 198, 158,  57,
   8, 182, 135,  10,  92, 261,   3, 249, 147, 183, 240,  88, 130, 213, 312, 276,  38, 190,  91,  69,  99, 200, 134, 284, 265, 286, 288,  40, 244, 142,  53, 146,
 117, 231,  77, 260, 272, 193, 163, 204, 149,  60, 271, 238,   4, 293, 129,  35, 316, 172, 166, 250, 279,  30, 209,  68, 216, 217, 157, 154, 178,  48,  65, 247
# End of WOM_finder solution for a <1024,320>/13 code
