# WOM_finder solution for a <75,64>/9 code
#
# Sum rate = 1.358758
# The 512 symbols listed below are mapped to code words that are the binary representation of the 0-based index in the table.

  44,  56,   6,  74,  19,  55,  72,  48,  71,  36,  28,  37,   9,  11,  10,  19,  39,  47,  51,  34,  49,   2,  22,  15,  18,  63,  49,  39,  21,   8,  45,  59,
  65,  29,  25,  53,  37,  50,   1,  21,  32,  20,  25,  31,  23,  26,  56,  50,  33,  11,  57,   8,  51,  19,  11,  24,  50,  47,  41,  56,  53,  58,  19,  29,
  69,  58,  14,  66,  63,  31,  73,  20,  66,  48,   3,  24,  39,  46,  47,  53,  43,  26,  40,  48,  41,  16,  50,  47,  60,  30,  44,  57,  54,  49,  35,  38,
  12,  46,  19,   0,  38,  10,  37,   2,  72,  30,  58,  11,  49,  54,   8,  22,  35,  14,  63,  40,  34,  17,   3,   4,  26,  49,  21,  23,  20,   5,  62,  52,
  60,  42,   5,  46,  54,   0,  56,  34,   4,   2,  36,  12,  55,   9,  42,   7,  59,   9,  41,  28,  26,  14,  10,  37,  14,  54,  55,  35,  63,  32,  28,  12,
  27,   7,  27,  62,  40,  27,  47,  41,  38,  48,  68,   9,  32,  57,  59,  43,  45,  16,   2,  33,  39,   6,  46,  44,  27,  59,  43,  15,  18,  51,   7,  60,
  52,  42,  24,   6,  27,  62,  14,   3,  50,  26,  36,  17,  28,  39,  59,  30,  49,  53,  49,  62,  13,   1,  57,  40,  19,  18,  37,  46,  27,  23,   2,  33,
  43,  18,  35,  39,  33,  13,  16,  45,  43,   3,  41,  34,  14,  35,  15,  63,  13,  37,  22,  38,  31,  42,   0,  55,  28,  12,  10,   1,  30,  36,  48,  61,
  68,  61,   8,  49,  16,  30,  46,  39,  70,   5,  32,  15,  26,   3,   3,  62,  13,   0,  46,  50,   2,  33,  27,  23,  32,  10,  60,  21,  57,  40,  42,   1,
  67,  34,  25,   3,  15,  63,  14,  35,  11,  39,  61,  18,  16,  45,  33,  42,  10,   1,  28,  12,  48,  61,  30,  36,  22,  38,  42,  37,   0,  55,  31,  13,
  73,  60,  24,  35,  48,   7,  39,   9,  17,  36,  55,  31,  35,  34,  50,   0,  28,  43,  65,  22,  28,  12,  63,  32,  63,   3,   4,  20,  10,  37,  26,  14,
  43,   9,  45,  48,  59,  43,  32,  57,  38,  62,  49,   7,  47,  41,  40,  27,  43,  15,  27,  59,   7,  60,  18,  51,   2,  33,  45,  16,  46,  44,  39,   6,
  64,  15,  32,  26,  57,  53,   2,  46,  62,  33,  36,  45,   6,  20,  49,  31,  44,  45,  57,  41,  35,  38,  54,   5,  26,  27,  39,   7,  50,  47,  41,  16,
  44,  11,  43,  30,   8,  22,   5,  54,  44,   0,  55,  46,  37,   2,  38,  10,  21,  23,  26,   5,  62,  52,  20,  49,  63,  40,  35,  14,   3,   4,  34,  17,
   6,  28,  44,  27,  37,  19,   7,  11,  30,  59,  13,  29,  23,  48,  60,  18,   2,  73,   4,  31,  45,  59,  21,   8,  52,  58,   5,  51,  22,  15,  43,  56,
  18,  31,  52,  20,  56,  50,  23,  26,  61,  53,  42,  19,   1,  21,  12,  28,  41,  56,  50,  47,  19,  29,  53,  58,  57,   8,  54,  32,  11,  24,   9,  25
# End of WOM_finder solution for <75,64>/9 code
