# WOM_finder solution for a <128,48>/9 code
#
# Sum rate = 1.398329
# The 512 symbols listed below are mapped to code words that are the binary representation of the 0-based index in the table.

 126,  22,  81,  24,  92,  61,  79, 105,  25,  72,  54,  38,  94,  27,  17,   7, 118,  56,  85,  15,  21,  76,  44,   5,  60,  83,  29,  41,  51,   1,   9,  46,
 113,  14,   1,  68,  66,   7, 112,  17,  52,  36,  11,  44,  48,  21,  33,  40,  78, 113, 111,  43, 123,  42,  19,  14,  41,  38,  34,  26,   5,  36,  39,  11,
 119,  73,  39,  80, 104,  32,  64,  34,  49, 110,  71,   1,  50,  35,  14,  27,  16,   2,   0,   7,  19,   4,  43,   6,  43,  37,  17,  34,  14,  32,  22,   3,
 106,  57,  47,   3, 121,  27,  44,  22,  55,   7,  15,   4,   9,  39,  28,   0,  26,  31,  27,  32,  11,  35,   6,  40,   3,  46,  35,   5,  21,  33,  37,  20,
  84,   3,  70, 127,  88,  33,  40,  44,  91,  35,  59,   0,  11,  37,   5,  39,  12,  53,  87,  46,  93,  40,  11,  22,  37,   7,  17,  45,   1,  38,  28,  43,
  18,  67,  97,  38,  31,  45,  26,   1,  45,  41,   9,  15,   8,   6,  22,  34,  46,  35,  19,  12,  33,   5,   0,  41,  29,  31,  14,  28,  12,  19,  35,  24,
  75, 122,   4,  34,  20,   7,  33,  19,  58,   5,   1,  36,   4,  40,  38,  31,   5,  33,  31,  14,  45,   0,  10,  37,   9,  27,  32,  10,  39,  36,  42,  47,
  77,  26,  45,  27,   4,  42,  12,  11,   0,  12,  33,   2,  10,  17,   6,  30,  43,   1,  15,  17,  32,  46,  29,  16,  38,  21,  44,   8,   2,  25,  18,  23,
 124,  98,  28,  90, 120,  62,  63,  23,   9,  13,  34,  14, 107,  34,  44,  22, 102, 117, 109,  27,  42,   7,  37,  25, 101,  14,  31,   0,  35,  39,  30,  36,
  99,  30, 108,  36,  82,  35,   0,   6,  65,  27,  28,  25,  38,  18,   8,  42, 114,   5,  23,  18,  11,  26,  22,  31,  32,   9,  21,  35,  43,  17,  15,  10,
 103,  23, 100,  31,   6,   0,   4,  18,  10,   7,  47,   9,  11,   5,  39,  28,  86,  43,  11,  44,   5,  30,  32,  33,   4,  18,  25,  16,  37,  40,   8,  12,
  89,   6,  26,  34,  33,   2,  25,  15,  32,  17,  27,  21,  26,  41,  16,  24,   4,  41,  14,  46,  23,   8,   2,  38,   0,  47,  30,  19,  31,  29,   1,  45,
  96, 125, 116,   5, 115,  19,  45,  11,  74,  31,  16,  18,  23,   9,  25,   8,  95,  32,  43,   1,  31,  18,  14,  34,   3,  20,  38,  30,   0,  46,  20,   2,
   8,   0,  44,   7,  38,  12,  15,  40,  10,   1,  12,  17,  39,   3,  21,  32,  45,  11,  25,  29,  30,  37,   3,  47,  26,  23,   5,  33,   6,  16,  27,   4,
  69,  32,   0,  25,  42,   1,  22,  35,  16,  38,  23,   3,  33,  45,  19,  29,  30,   3,  24,   4,   8,  27,  17,  21,  35,  11,  28,   6,  24,  15,  41,  26,
  35,  18,  31,  41,   3,  10,   5,  20,   2,  36,  11,  37,  47,  14,  46,  43,  12,  24,  10,  39,  19,  28,  36,   9,  20,  22,  40,  42,  34,  44,   7,  13
# End of WOM_finder solution for a <128,48>/9 code
