# WOM_finder solution for a <128,9>/8 code
#
# Sum rate = 1.271241
# The 256 symbols listed below are mapped to code words that are the binary representation of the 0-based index in the table.

  59,   8, 109,  84,  78,  52,  22,  49,  63,  41,  55,  67,  58, 100,  53, 126,  92,  87,  18,  69,  13, 107,  60, 111, 111,  11,  64,  13,  94,  95, 103, 124,
  19,   5,  46,  47,  75,  77, 106, 112,  51,  21,   9,  44,  89,  24,  88,   7,  71,  14, 101,   7,  29,   6,  78,  18,  93, 125,  71,  64,  27,  52,  16,   1,
  70,  17, 119, 108,  95,  81, 102, 123,  34,  90,  99,   2,  48,  61, 104,  67,  23, 118, 117, 105,  25,  25,  27,  57, 121,  91, 126,   7, 124,  89,  44,  45,
  98,  72, 105,   3, 124, 103,  85, 111,  16,  70,  39, 102,   0,   6,  21,   5,  80, 125,  82,  41,  18,  62,  25,   6,  56,   7,   1,   2,  85,   0,   6,   4,
  10,  37,   0, 122,  66,  79,  32,  94, 119,  38,  42,   4,  26,  61,  96, 114,  86,  40, 114, 115,  57,  76,   1,  53,  72,  83,  12,   6,  36,   4,  49,   7,
  31,  79,  33,  54,  20,  10,  98, 122, 120,  64,  62,  40,  31,  28,  98,   2,  28,  49,  24,  48,  65,  33,   3,   5,  61,  17,  41,   0,   1,   0,   2,   3,
  15, 116,  30,  73,  50,  27,  68,  80,  74, 127, 110, 100,  62,   4,   6,   5,  43,  45, 113,  61, 123,  93,  58,   0, 104,  19,   6,   2,  50,   7,   4,   1,
  97,  35,   4,  75,  75,   9,  29,   1,   1,  41,   7,   6,  35,   3,   2,   0, 103,  21, 110,   4, 100,   2,   3,   7,  42,   5,   0,   3,   4,   6,   5,   8
# End of WOM_finder solution for a <128,9>/8 code
