# WOM_finder solution for a <130,47>/9 code
#
# Sum rate = 1.397440
# The 512 symbols listed below are mapped to code words that are the binary representation of the 0-based index in the table.

  63,  40,  75, 108,  50,  78, 125,  93,  86,  77,  60,  53,  48,  18,  30,  27, 127,  82,  94,  76, 112,  69,  41,  43,  80,  16,  35,   1,  42,  40,   5,   4,
  56, 115, 111,  99, 120, 116, 117,  27,  79,  70, 119,  15,  96,  16,  21,  45,  62,  37, 114,  35,  51,  35,  43,  34, 110,  44,  40,  18,   1,  31,  13,  26,
  61,  97,  47,  73,   2,  84,  11,  46,  92,  64,   1,  41,   8,  37,  14,  35,  44,  88, 113,  15, 104,   5,  43,  33,  27,  22,  18,  36,  45,  10,   2,  38,
  65,  10,  15,   0,  13,   1,  31,  36,   7,  26,  11,   6,   6,   4,  28,   2, 122,  20,  44,  41,  14,  28,  22,  17,  11,  29,  33,  34,  27,  32,  16,  12,
  59,  39,  20,  67,  52,  34, 103,  17,  43, 106,  21,  34,  38,  10,  13,  35,  87,  22, 128,   6,  19,  18,  18,  14, 123,  29,  11,  43,  34,  46,  22,   8,
  58,  31,   0,  44,  57,  23,  11,  28,  83,  24,  23,   7,  22,  14,  18,   5,  23,  10,  31,  46,  44,  30,   7,   4,  30,  27,  24,  20,  28,   6,  45,  19,
 105,  17,  46,   5,   4,   8,  46,   7, 101,   4,  24,  26,  44,  45,  33,  32,  36,  34,  32,  23,  41,   2,  40,  12,   8,  24,   7,  44,  23,   1,   6,  39,
   6,  30,   8,  33,   2,  38,  35,  21,  36,  46,  27,  17,  30,  20,  41,  29,  18,  40,  42,   1,  11,  15,   5,  25,  31,  38,  43,  13,  42,   0,  37,   3,
  98,  66,  25,  12, 126,  54, 109,  35,  49,  45,  26,   0,  28,   6,   3,  17, 118, 129,  55,  40,  71,   3,   1,   5, 121,  15,  18,  37,  14,  44,  32,  29,
  85,  33,  72,   3,   5,   4,  14,   6,  29,  37,  35,  31,  39,  28,  44,  10,  91,  15,   0,  10,  40,  20,  28,  22,  22,   1,  27,  39,  35,  41,  38,  11,
   9,  32,   3,  37,  24,   2,  12,   1, 102,   3,   5,  33,  37,  38,  45,  13,  90,  38,   3,  29,  32,  12,  44,   4,   6,  25,  41,  21,  36,  34,  19,  30,
  68,  31,  41,  17,   3,  44,  33,  20,   1,  27,  13,  19,  45,  43,   0,  42,  36,  37,   6,  43,   2,  39,   8,  24,  15,   5,  25,   8,  18,   7,  46,  23,
 124,  81, 107,   3, 100,   1,  23,  44,  74,  23,  38,  46,  12,   4,   7,  24,  95,   5,  41,   7,  23,  37,  38,   0,   5,  32,  13,  17,  24,  45,  43,  42,
  14,  29,   5,  26,  12,  46,  30,  37,  26,  20,   6,  30,  27,   8,   1,  25,   8,  39,  29,  34,  31,  13,  21,  32,   3,  41,  12,   2,  16,  33,  15,  36,
  89,  36,   8,  10,   3,  14,  36,  41,  29,  37,  19,  16,   5,  22,   2,  15,   1,  46,  33,  11,  13,   6,  35,  27,  40,  18,   0,  28,  25,  26,  20,  31,
  23,   0,   7,  38,  28,  43,  39,  18,  39,  12,  32,  22,  24,  11,  34,  40,  22,  42,  30,  45,  29,  19,  26,  16,  44,  35,   4,  14,  17,  21,  10,   9
# End of WOM_finder solution for <130,47>/9 code
