# WOM_finder solution for a <56,205>/10 code
#
# Sum rate = 1.348684
# The 1024 symbols listed below are mapped to code words that are the binary representation of the 0-based index in the table.

  21,   9,  11,  49,  22,  30,   3,  47,  39,  51,  54,  65,  19, 155,  92,  85,   8,  27,  15, 125,  26,   1, 103,  82,  12,  86,  96,  71,  96,  61, 130, 161,
   6,  45,  38, 131,  43, 157, 193,  48,  35, 166, 114, 126, 112, 100, 124, 127,  13,  74,  93, 163,  31, 188, 161,  28,  15, 179,  87,  29, 111,  26, 188, 102,
  25,  48,  36,   5,  24, 132,  15, 117,  42, 147,  37,  73,   1, 184,  94, 173,  46, 122, 159, 155,  51,  37, 134, 165,   6, 163,  41, 189,  10, 192,  98,  86,
  10,  44,  74,  71, 150, 190,  17, 200, 195,  65,  44,   3,  15,  69,  30,  54, 174, 196, 180,   8,  47, 115, 140, 145,  66,  93,  57, 168, 113, 162, 151, 121,
  55,  16,   4,  24,  31,  83, 127, 170,   2, 188,  17, 138, 153, 190, 192,  28,  53,   5, 188, 198,  78, 103,  97, 202,   4,  92,  30,  52, 135, 107, 123,  46,
  40, 159, 153, 137,  44, 120,  13, 179,   0, 138,  97, 150, 146, 167,  19,  80, 192,  54,  24,  36, 157,   9, 181, 106, 137,  81, 156,  62, 141, 134, 115,  45,
   5,  54, 169, 136, 142, 140, 111, 178, 122, 173,  78,  90, 150,  26,   9, 148, 139,   6, 199,  23, 118, 197,  91, 149, 169,  55, 116,  87,  27, 185, 126,  89,
 124,   7, 117,  70,  35, 169,  65, 166, 102, 119, 109, 139,  96, 199, 163,  18, 168,  30, 114,  82, 108, 203, 119,  49, 154, 181, 131, 164,  71, 158,  64, 204,
  32,  23,  17,  93,   1, 200,  72,  78,  29,  46,  34, 122,  10,  81, 141,  37,  37, 173, 113,  98,   7,  99, 101,  60, 108,  44,  49,  43, 145, 187,  91, 137,
  34, 100, 123, 134,  74, 130,  57,  67, 164,  83, 145,  50, 123, 156,  41,  61,  46,  38, 139, 201,  36,   3,   5, 153,  27,  96,  22,  33, 175, 170, 142, 110,
  18, 164,  97,  45,  31, 201, 154,   8,  93, 124, 199, 196, 178,  47,   0,  14,  23, 131, 198, 116,  14,  22,  75,  95,   3, 175,   4,   7, 183,  78, 193,  13,
  89, 191, 136, 192,  45,  56,  38,   2, 111,  43, 146, 167, 108, 135,  79,  12, 193, 118,  48, 197, 103,  24,  50,  76, 189,   1, 184, 152, 107,  16,  53,  58,
  47, 135, 184, 182,  82,  34, 102, 124, 178, 131, 183,  86,  47,  75,  39, 109,  32, 161, 111, 157, 155,  90, 173, 147,  68, 125, 122,  67, 105, 165, 203, 129,
  18,  21,   0,  89, 137, 149, 112,  51, 161,  66,  23,   6, 148, 117,  21, 177,  39,  48, 170,  73,  80, 136, 187, 180, 202, 106, 171,  63,  52, 132, 160,  25,
  97,  19, 172, 101, 146, 138,  85,  96, 134,  79, 155,  68, 195, 198,  83, 159,  66, 105,  33,  10,  44,  70,  69,  84, 142, 114, 191,  35, 100,  40, 143,  59,
   4,  62, 120,  95,   5, 182,  60,  11, 174, 144, 162, 186,  94,  72,  32, 176,  56,  61, 200,  99,  55, 172,  29,  20, 130, 127, 128, 104, 194,  77,  42, 133,
  41,  50,   0,  16,  33, 164, 132,  73,   7, 127, 166, 149, 114,  96, 100,  31,  28, 138,  49,  17,  29, 131,  13, 176,  20, 130, 172,  27, 103, 128, 107,  32,
  52,  61,  96,  77, 162, 112, 139,  45, 133,  48, 200,  86, 164, 142, 104, 172,  29, 117,  78, 108, 133, 165,  85,  91, 155, 167, 180, 194, 186,  11, 198,   4,
  44, 154,  89, 160,  69,   7, 102, 108, 196, 162,  95,  81, 131, 141,  35, 123, 161, 170,  61, 132, 104, 186, 124,  66, 199, 197, 118, 195,  25,  94, 136,  21,
  10, 134, 159, 147,  78, 129, 155, 174, 156, 161, 132,  40,  63, 171, 153, 105, 176,  32, 137,  83, 112, 125, 116,  68,  36,  46,  72,  59, 177,  23, 182,  39,
  20,  89,  40,  97, 104, 152,  66, 128,  12, 133, 134,  41, 149,   6, 135,  44,  19, 113, 159,  72, 117, 193, 203, 146, 124,  76, 109,  53, 148, 200, 144,  56,
 127,  90,  35,  57,  37,  62,   1, 173,  74, 136,  20, 111,  76,  58,   7,  10,  18,  47,  98, 143,  83, 184, 145,  79, 120,  69,  37,  14,  95, 122,  84, 191,
 117, 192,  47, 110, 137, 196,  77, 130, 184,  70, 170,   8,  61,  29,  48,  93, 202,  12,  55,   1, 114,  63,  16, 171,  52, 157,   5,  42, 189,  50,   2,  38,
 198,  53,  25, 142,  80, 160, 152, 175,  13, 193, 147, 187,   3,  33,  99,  22, 110, 106, 135, 100, 178,   0,  43, 183, 129,  60,  51,  75,  67, 101, 201,  34,
  14,  54, 100,  29,  47, 104, 164, 184, 136,  95, 126,  30,  51,  49,  60,  26, 181, 142,  18, 135,  72, 134,  33, 190,  83,  99,  77,   0,  48, 139,  87, 119,
 163, 198, 130, 158,  75,  42, 185, 114, 102, 183, 101,  69, 192,   5,  66,  55,  10, 124,  44, 166, 115,  35,  40, 199,  71,  24,  47, 178,  89, 159,  70, 169,
  71,  25, 133,  67, 191, 171,  63,  28, 200, 137, 163,  64, 140,  20, 106, 181,  34,  51, 158, 188, 187, 111, 127, 150,  79, 160, 117,  80, 204,  18,  62, 120,
  30, 179, 129, 185, 170, 128, 122,  52,  92,  84,  56, 203,  82, 143, 157, 202,  54, 126,  65, 148, 168, 109,   6, 144, 173, 146, 149,   9, 147,  97,  90,  19,
 199,  32,  61, 193,   9,  53,  23,  71,  32, 201,   1, 108, 121,  43, 158, 168,  22, 121, 192,   3,  30, 163, 186, 162, 176, 182, 175,  82, 152,  65,  54, 174,
 181, 155,  50, 204,  59, 126, 131, 189,  38,  78,  16,  15,  68, 116, 197, 118,   7,  13, 105,  94,  93,  64,  12, 195, 150,   2, 185, 140,   8, 151, 196, 154,
 169,  39, 132, 151, 139,   4, 161, 194, 172, 145,  76, 115, 110, 180,  24,  36,  96, 102,  58, 177, 164,  15, 167, 156,  45, 153,  11, 112, 166,  57, 179,  74,
 119,  37, 121, 107,  14,  87,  46,  27,  49,  91, 165, 103, 188,  98, 125, 113,  21, 123,  26, 141,  86,  41,  81,  92,  28,  85, 190,  31,  73,  17, 138,  88
# End of WOM_finder solution for <56,205>/10 code
