# WOM_finder solution for a <1005,1005>/14 code
#
# Sum rate = 1.424711
# The 16384 symbols listed below are mapped to code words that are the binary representation of the 0-based index in the table.

 223, 779, 360, 213, 212, 180, 717, 972,  31, 523, 422, 577, 727, 982, 998,   5,1003,  29, 690, 974, 643, 397, 886, 147, 956, 579, 959, 795, 997, 135, 723, 906,
 420, 618,  98, 382, 270,  22, 553, 490, 538, 460, 583, 860,  92, 681, 806, 392, 504, 624, 315, 634, 632, 103,  33, 203, 222, 776, 867, 595, 891, 386, 544,  79,
 838, 991, 326, 758, 699, 704, 187, 895, 427, 518, 788, 937, 837, 498, 648, 917, 400, 327,  55, 685, 457, 510, 931, 549, 603, 960, 863, 520, 133, 571, 326, 883,
 646, 441, 384, 968, 572, 227, 759, 426, 258, 914, 259, 514, 304, 982, 756, 851, 821, 567, 641, 559, 625, 697, 780, 547, 468, 408, 966, 543, 669, 770, 513, 270,
 647, 330, 845, 676,  54, 629, 791, 594, 566, 528, 752, 421, 811, 312, 461, 475, 355, 890, 786, 238, 186, 897, 862, 298, 901, 894, 157, 248, 818, 178, 541,  96,
 648, 406, 367, 345, 207, 163, 524, 978, 929, 170, 721, 382, 413, 911, 724, 573, 649, 956, 113, 945, 331, 959, 528, 226, 610, 591, 748, 852, 148, 581, 217, 893,
 101, 830, 312, 130, 591, 378, 413, 709, 370,  42, 684, 993, 738, 827, 285, 985, 248, 439, 125, 866, 482, 833, 732,  38, 579, 886, 553, 550, 343, 849,  77, 964,
 175, 910, 983, 832, 323, 884, 823, 507, 355, 663,  27, 875, 172, 464, 641, 749, 888, 177, 239, 390, 990, 616, 443, 473, 779, 200, 878, 670, 243,  22, 694, 758,
 485, 879, 653, 637,  16, 352, 696, 548, 253, 909, 593, 188, 711, 987, 469, 457, 815, 472, 260, 954, 651, 261, 822, 991, 495, 733, 788, 948, 922, 287, 600, 999,
 283,1004, 675, 730, 434, 357, 272, 462, 700, 565,  12, 986,  72, 822, 657,  86, 765, 950, 127,  15,  65, 814, 575, 679, 826,1000, 737, 183, 315, 915, 375,  76,
 182, 880, 335, 640, 256, 490, 234, 896, 510, 184, 153, 545, 389, 292, 725, 165, 680, 963, 235, 405, 601,  85, 339, 279, 960, 175, 956, 168, 466, 335, 512, 107,
 156, 544, 834, 219, 557, 286,  16, 179, 487, 717, 266,  39, 623, 686, 468, 191, 492,  65, 693, 752, 739, 187, 199, 946, 655, 190, 160, 830, 104, 821, 913, 505,
  23, 454, 544,  97, 667, 820, 639, 195, 372, 461, 784, 662, 839, 678, 688, 495, 255, 282, 896, 578, 145, 937, 763,  29, 892, 927, 229, 836, 701, 262, 527, 407,
 627,  14,  68, 370, 662, 790,   2, 900, 424, 789, 311,  37, 904, 539, 857, 912, 865, 865, 245, 368, 659, 795, 942, 456, 558, 488, 560, 267, 373, 293, 406, 332,
 284, 428, 265, 344, 668, 329, 150, 676, 564,  44, 744,  57, 307,  81, 941, 180, 945, 498, 588, 486, 391, 801, 139, 401, 852, 330, 774, 334, 746, 951,  24, 729,
 574, 562, 317, 973, 384, 440, 954, 802, 995, 917, 357, 250, 396, 171, 704, 772, 496, 829, 450,  49, 940, 493, 166, 880, 459, 800, 902, 269, 516, 476,1000, 158,
  70, 241, 534, 650, 471, 799, 481, 668, 262, 268,  61, 654, 794, 854, 247, 308, 630, 489, 164, 734, 368, 996, 793, 605, 357, 419, 511, 671, 196, 363, 934, 120,
 728, 871, 429, 760, 497, 529, 853, 387, 358, 713, 556, 272, 817, 346, 218, 416,  40, 394, 907,  84, 100, 712, 429, 215, 928,   6, 606, 352, 369,  56, 948, 793,
 202,  45,  19, 808, 671, 568, 479, 137, 769, 620,  64,  43, 956, 411, 441, 154, 697, 960, 935, 555, 978, 210,   9, 845, 556, 825, 730, 127, 216, 475,  78,  54,
 872, 560, 777, 477, 403, 188, 664,   0, 782, 710, 161, 325, 479, 321, 117, 399, 431, 540, 186, 716,  18, 998, 484, 767, 320,  52, 634, 631, 587, 831, 853, 798,
 141, 346, 434, 396, 657, 663,  69, 105, 277, 669, 186, 320, 565, 203, 348, 262, 993, 342, 380, 921, 383, 249, 979, 649, 952, 563, 869, 519, 628, 943, 757, 897,
 529, 199, 542, 977, 828, 860, 194, 994,  57, 213, 778, 919, 222, 209, 290, 525, 726,  25, 648, 805,  34, 590,  46, 364, 517, 962, 246, 561, 982,  51, 197, 189,
 161,  60, 921,  99, 710,  49, 738, 160, 425, 620,  63,  97, 300, 634, 352, 134, 343, 731, 198, 435, 929,  73, 362, 629, 753, 105, 585, 981, 411, 895, 448, 557,
 327, 708, 252, 777, 316, 689, 651, 452, 957, 356, 841,  58, 673, 358, 301, 264, 289, 284, 133, 753, 336, 188, 868, 782,  41, 502, 848,  35, 799, 116, 920, 221,
  50, 774, 117, 376, 293, 880, 706, 714,  74, 374, 672, 154, 155, 233, 762, 656, 287, 781, 237, 449, 111, 719, 835, 288, 844, 640, 185, 214, 797, 306, 296, 173,
 459, 646, 521, 933, 206, 458, 743, 402, 146, 766, 709, 101, 121, 765, 935, 201, 740, 447, 658, 333, 618, 718, 980, 932, 859, 594, 969, 115, 404,   4, 728,  69,
  76, 762, 654, 698, 960, 259, 297, 598, 414, 970, 417, 286, 864, 593, 660, 788, 734, 965, 938, 119, 232, 792, 939, 636, 195, 592, 703, 489, 844, 639, 131, 388,
 690, 840, 579, 130, 269, 573, 427, 961, 824, 393, 916, 773, 546, 582, 976,  94, 322,  70, 699, 791,  47, 862, 787,  32, 509, 665,  66, 118, 225, 596, 143, 711,
 945, 882, 947, 151, 569, 891, 501, 646, 559, 491, 647,  88, 328, 300, 485, 535, 957, 309, 378, 211, 652, 465, 611, 840, 936, 244, 478, 423, 110, 602, 936, 692,
 160, 365, 398, 627, 256,  53,  61, 324, 470, 989, 630, 564, 385, 922, 675, 159, 644, 255, 907, 650, 613, 437, 584, 950, 167, 754, 515, 281, 454, 819, 903,   3,
 462, 299, 707, 695, 738, 463, 583, 122, 582, 442, 638, 254, 705, 394, 901, 138, 170, 624, 372, 930,  10, 586, 415, 433, 160, 438, 745, 483, 164, 667,  21, 854,
 775, 955,  50, 467, 975, 204, 609, 997, 251, 783, 925, 580, 985, 510, 879, 608, 460, 494,  30, 182, 122, 236, 285, 992, 451, 619, 622,  13, 354,  82,  89, 741,
 474,  37, 669, 310, 575, 568, 373, 122,  26, 404, 704, 512, 904, 592, 115, 354, 418, 453, 912, 775, 184, 110,  81, 975, 918, 294, 783, 925, 744, 879, 510, 251,
 688,  60,  36, 374,  69, 415, 586,  10, 606, 951, 348,   5, 457,  21, 667, 164, 324, 707, 299, 506, 263, 583, 463, 738, 759, 638, 442, 444,  71, 901, 394, 705,
 710, 715, 309, 236, 812, 730, 437, 613, 829, 121,1000, 515,   3,  89, 819, 454,  57,  48,  27,1004, 723, 990,  53, 256,1002, 630, 365, 470, 159, 675, 922, 385,
  43, 378, 520, 644, 940, 611, 465, 652, 554, 478, 244, 134, 692, 936, 602, 110, 151, 947, 882, 112, 646, 501, 891, 569,  88, 647, 491, 838, 535, 485, 300, 328,
 606, 635, 753, 908,  91, 787, 384,  47,   7, 594, 665,   5, 906, 143, 711, 225, 365, 152, 448, 455, 539, 427,  98, 807, 773, 916, 393, 824,  94, 976, 582, 546,
 500, 938, 965, 815, 162, 939, 792, 232, 749, 703, 592,  45, 636, 131, 639, 844, 698,   8, 192,  28, 598, 297, 412, 291, 286, 417, 970, 988, 788, 660, 593, 864,
 642, 658, 447, 322, 932, 980, 718, 618, 452, 969, 594, 859,  69, 728,   4, 404, 933, 521, 142, 205, 402, 743,  67, 642, 101, 709, 989, 146, 201, 935, 765, 121,
 693, 237, 781, 247, 288, 835, 719, 111, 533, 185, 640, 617, 173, 296, 306, 797, 376,  55, 327, 722, 714, 706, 366, 808, 154, 672, 374, 458, 656, 762, 233, 155,
 599, 118, 778, 289, 246, 868, 110, 336, 966, 848, 587,  41,  28, 920, 116, 799, 279, 252, 708, 341, 796, 651,1003, 316, 180, 841, 356, 568, 849, 301, 358, 673,
  80, 198,  48, 731, 981, 362,  73, 929, 596, 585, 981, 958, 217, 448, 895, 411, 487,  11, 240, 106, 522, 235, 689, 350, 286, 603, 260, 313, 637,  48, 949, 786,
 785, 941, 190, 726, 364,  46, 188,  34, 561, 246, 962, 517, 189, 197, 590,  51, 977, 648, 400, 377, 994, 194, 860, 828, 919, 778, 213, 414, 525,1000, 209, 222,
 921, 380, 342, 873, 649, 526, 249, 383, 519, 869, 563, 430, 897, 757, 943, 628, 771, 114, 224, 410, 968, 133, 161, 348,  43, 257, 742, 806, 684, 220,  74,  59,
 446, 426, 540, 761, 767, 484, 236,  18, 631, 634, 388, 320, 798, 853, 831, 587, 816, 716, 740,   1,   0, 691, 803, 604, 325, 876, 710, 361, 399, 117, 321, 479,
 555, 577, 645, 128, 845,   9, 144, 923, 127, 730, 825, 626, 388,  78, 475, 216, 278, 208, 804, 952, 715, 881, 231,  23, 885, 137, 889, 132, 621, 554, 924, 210,
  84, 537,  62, 996, 215, 429, 712, 532, 352, 606,   6, 887, 793, 948,  56, 369, 477, 727, 124, 397, 387, 218, 202,  26, 272, 556, 766, 367, 416, 290, 346, 817,
 734, 207, 504, 241, 605, 979, 615, 481, 671, 511, 813, 837, 120, 934, 363, 196, 944, 674, 129,   7, 827, 228, 186, 310, 152, 518, 324,  36, 497, 971, 855,  52,
 102, 464, 347, 496, 363, 661, 493, 940, 442, 749, 800, 459, 158, 902, 476, 516, 393, 858, 562, 574,  98, 185, 440, 384, 644, 357, 917, 995, 772, 704, 171, 396,
 313, 588, 498, 538, 359, 139, 801, 391, 929, 774, 330, 899, 729,  24, 951, 746, 344, 265, 428, 499, 401, 150, 329, 668,  57, 744,  44, 690, 180, 941,  81, 307,
 604, 504, 636, 659, 365, 695, 893, 795, 546, 560, 754, 167, 332, 406, 293, 373, 443, 752,  14, 536,  59, 120, 790, 436, 250, 311,  37, 424, 912, 857, 539, 904,
 810, 874, 282, 280, 840, 763, 937, 145, 611, 229, 927, 531, 407, 527, 262, 701,  97, 431, 302, 957, 195, 349, 820, 809, 662, 784, 461, 337, 495, 688, 678, 839,
 126, 693,  65, 492, 119, 199, 187, 739, 223, 160, 190, 655, 505, 913, 821, 104, 230, 834, 140,  19, 179,  16, 340,  90,  39, 266, 717, 487, 191, 468, 686, 623,
  31, 530, 963, 918, 279, 339,  85, 601, 746, 956, 175, 909, 107, 512, 335, 466, 441, 643, 696,1001, 896, 234, 359, 870, 545, 153, 184, 682, 165, 725, 292, 389,
 791, 127, 149, 122, 679, 575, 814, 894, 835, 737, 409, 843,  76, 375, 915,  75, 279, 769,  64, 420, 462, 871, 425, 156, 986,  12, 565, 446,  86, 657, 822,1003,
 814, 258, 751, 811, 991, 141, 700, 242, 576, 612,  92, 893, 999, 600, 287, 174, 522, 552, 974, 892,1000, 193, 471,  93, 338, 810, 683, 453, 457, 469, 987,  63,
 190, 211, 903, 888, 473, 443, 616, 990, 670, 878, 200, 779, 758, 694,  22, 243, 832, 983, 910,  17, 507, 823, 884, 323, 875,  27, 663, 733, 749, 641, 464, 172,
 866, 239, 439,   5,  38, 732, 833, 482, 550, 553, 886, 953, 964,  77, 849, 343, 108, 566, 816, 534, 524,  91, 283,   2, 735,  87,  80, 351, 768, 812,  72, 162,
 612, 113, 764, 360, 218, 528, 959, 331, 852, 748, 591, 558, 226, 217, 581, 148, 345, 702, 403, 379, 978, 908, 163, 314, 382, 721, 170, 661, 573, 724, 911, 123,
 238, 304, 136, 653,  29, 381, 298, 542, 248, 157, 105, 972,  96, 541, 178, 818, 445, 677, 926, 872, 308, 312, 276, 418, 100, 268, 275, 589, 253, 371, 434, 395,
 559, 720, 567, 877, 547, 780, 697, 625, 543, 966, 408, 842, 270, 513, 770, 669, 666,  68,1002,  20, 426, 664, 856, 928, 514, 259, 914, 319, 851, 756, 982, 967,
 685,  60, 750, 102, 549, 931, 713, 126, 520, 785, 960, 277,  54, 326, 883, 571, 747, 847, 890, 500, 635,  31, 993, 472, 223, 796, 421, 794, 474, 597,  98, 826,
 595, 533, 273, 176, 203,  33, 103, 599, 529, 867, 776, 206,  79, 544, 386, 419, 122, 503, 760, 294, 490, 984, 508, 654, 263, 212, 355,  95, 392, 905, 681, 755,
 353, 614, 295, 736, 147,  42,  71, 441, 413, 846, 861, 305, 906, 723, 135, 632, 181, 422, 230, 318, 109, 633, 274, 261, 858, 271, 607, 169, 572, 303,  40, 863,
 240, 165, 507, 129, 532, 488, 140, 976, 756, 907, 620, 495, 221, 926, 961, 427, 396, 194, 516,  66, 295, 763, 971,  52, 598, 139, 791, 322, 554,  47,  32, 787,
 859,   6, 924, 589, 356,  78, 179, 660, 557, 649, 966, 561, 412, 291, 598, 297, 981, 144, 630, 703, 334, 844, 711, 131, 136, 815, 119, 938, 792, 232, 636, 939,
  67, 797, 600, 709,   8, 325, 201, 935,  89, 205,  99, 521, 843, 642, 402, 743, 232, 427,  49, 969, 575,  30,  69, 728, 564,1004, 333, 658, 718, 618, 932, 980,
 954, 458, 942, 672, 233, 155, 656, 762, 177, 722, 376,  55,  67, 808, 714, 706, 511, 617, 862, 185, 306, 797, 173, 296, 781, 247, 449, 237, 719, 111, 288, 835,
 623,  32, 889, 925, 689, 985, 987, 104, 948, 269, 467,  50, 615, 975, 997, 609, 990, 171,  13, 622,  82, 354, 741, 898, 595, 460, 182,  30, 236, 122, 992, 285,
 525, 444,  14, 638, 335, 705, 980, 901, 506, 506, 695, 707, 463, 738, 905, 583, 438, 480, 483, 745, 639, 164, 667,  21, 624, 551, 930, 372, 586,  10, 433, 415,
 107, 470, 564, 630, 922, 385, 159, 675, 660, 775, 627, 398,  53, 256, 324,  61,  16, 451, 281, 515, 819, 454,   3, 903, 195, 644, 650, 907, 437, 613, 950, 584,
 491, 838,  88, 647, 300, 328, 535, 485, 882, 112, 151, 947, 891, 569, 646, 501, 244, 134, 423, 478, 602, 110, 692, 936, 309, 441, 211, 378, 465, 652, 840, 611,
 755,  25, 463, 227,  38, 479, 106, 117, 306,   1, 716, 876, 803, 807,   0, 691, 273, 320, 714, 634, 831, 587, 798, 853, 604, 761, 570, 759, 998,  18, 767, 484,
 743, 132, 870, 137, 186, 210, 118, 554, 804, 952, 278, 208, 548,  23, 715, 881, 825, 382, 631, 730, 475, 216,  54,  78, 645, 128, 555, 577, 144, 923, 845,   9,
 385,   5, 272, 556, 900, 367, 416, 290, 819, 397, 477, 727, 202,  26, 387, 218, 907, 887, 352, 606,  56, 369, 793, 948, 834, 996,  84, 537, 712, 532, 215, 429,
 607,  36, 258, 518, 855, 817, 497, 971, 129,   7, 944, 674, 186, 310, 827, 228, 813, 837, 671, 511, 363, 196, 120, 934, 504, 241, 734, 207, 615, 481, 605, 979,
  62, 679, 529, 841, 235, 673, 643, 301, 118, 341, 777, 252, 689, 316, 452, 651, 586,  41, 874, 848, 116, 799, 221, 920, 658, 289, 753,1003, 188, 336, 782, 868,
 462, 313, 278, 603, 968, 786,1002,  48, 240, 106, 576,  11, 231, 350, 523, 235, 981, 958,  35, 585, 895, 411, 557, 448, 731,   5, 435, 198,  73, 929, 629, 362,
 945, 414, 919,1002, 209, 222, 525, 778, 127, 377, 977, 648, 860, 828, 994, 194,  88, 517, 561, 246, 346,  51, 189, 197, 482, 726, 805, 133, 590,  34, 364,  46,
 742, 806,  43, 257,  74,  59, 684, 220, 224, 410, 771, 114, 898, 348, 968, 161, 563, 430, 519, 869, 943, 628, 897, 757, 342, 873, 921, 380, 249, 383, 649, 526,
 508, 683, 746, 266, 150, 947, 191, 468, 311,  19, 219, 834, 433,  90, 179,  16, 221, 282, 946, 160, 804,  66, 505, 143, 996, 813, 752, 492, 862, 739, 946, 199,
 659, 682, 470, 153, 371, 292, 165,1004, 249, 696, 522, 643, 359, 870, 896, 234, 202,  62, 638, 956, 335, 466, 107, 512, 963, 918, 405, 530,  85, 601, 279, 339,
 714, 893, 169,  12, 342, 195,  86, 657, 190, 420,  64, 769, 425, 156, 462, 871, 843,  50, 603, 737, 257, 868,  76, 375, 842,  83,  15, 693, 814, 894, 679, 575,
  65,  52, 466, 810, 987,  63, 457, 469, 974, 892,1003, 552, 471,  93, 366, 193, 335, 909, 133, 612, 287, 174, 999, 600, 751, 811, 764, 258,1002, 242, 991, 141,
 318, 995, 250, 357,  68, 396, 772, 704, 183, 574, 973, 317, 440, 384, 802, 954, 156, 459, 269, 902, 476, 516, 158, 913, 922, 496,  49, 450, 493, 940, 880, 166,
 361, 690,  57, 744,  81, 307, 180, 941, 428, 499, 344, 265, 329, 668, 676, 150, 330, 899, 334, 774, 951, 746, 729,  24, 498, 538, 486, 588, 801, 391, 401, 139,
 719, 424,  37, 311, 171, 904, 912, 857,  76, 536, 370, 687, 790, 436, 900, 637,1000, 167, 267, 560, 539, 373, 332, 406, 939, 659, 368, 245, 293, 795, 456, 942,
 461, 337, 662, 784, 678, 839, 495, 688, 302, 957,  97, 431, 820, 809, 195, 349, 927, 531, 836, 229, 262, 701, 407, 527, 282, 280, 578, 874, 937, 145,1001, 763,
  21, 319, 514, 259, 766, 967, 851, 756, 245,  20, 666,  68, 340, 928, 426, 664, 952, 842, 543, 966, 770, 669, 270, 513, 759, 877, 559, 720, 697, 625, 547, 780,
 421, 794, 223, 796,  98, 389, 474, 597, 890, 500, 747, 847, 993, 472, 635,  31, 960, 277, 520, 785, 883, 571, 388, 326, 750, 102, 685,  60, 713, 126, 549, 931,
 955,  95, 263, 212, 982, 755, 392, 905, 748, 294, 933, 503, 508, 654, 490, 984,  57, 206, 529, 867, 386, 419,  79, 544,  97, 176, 595, 533, 103, 599, 203,  33,
  40, 169, 152, 271, 681, 863, 572, 303, 230, 318, 181, 422, 274, 261, 109, 633, 861, 305, 413, 846, 135, 632, 906, 723, 295, 736, 353, 614,  71, 700, 147,  42,
 880, 733, 875,  27, 464, 172, 749, 641, 550,  17, 832, 983, 884, 323, 507, 823, 668, 779, 670, 878,  22, 243, 758, 694, 794, 888, 390, 239, 616, 990, 473, 443,
  80, 351, 735,  87,  72, 162, 768, 812, 816, 534, 108, 566, 283,   2, 524,  91, 886, 953, 550, 553, 849, 343, 964,  77, 439, 610, 866, 125, 833, 482,  38, 732,
 555, 661, 382, 721, 911, 123, 573, 724, 458, 379, 345, 702, 163, 314, 978, 908, 764, 558, 852, 748, 581, 148, 893, 217, 180, 360, 945, 113, 959, 331, 226, 528,
 275, 589, 100, 268, 434, 395, 253, 371, 926, 872, 445, 677, 276, 418, 308, 312, 105, 972, 248, 157, 178, 818,  96, 541, 136, 653, 238, 304, 298, 542,  29, 381,
 167, 609, 883, 805, 349, 648, 426, 178, 877, 126, 774, 706, 381,  29, 818, 298, 656, 142, 589, 275, 512, 693, 395, 434, 677, 445, 872, 926, 312, 308, 418, 985,
 611, 637, 257, 812, 401, 217, 148, 581, 470, 545, 470, 519, 528, 226, 542, 959, 109, 382, 661, 170, 724, 573, 123, 911, 702, 345, 379, 403, 908, 978, 314, 163,
  87, 414, 953, 886, 840, 123, 343, 849, 264, 866, 610, 439, 732,  38, 482, 833, 653,  48, 351,  80, 999, 958, 162,  72, 566, 108, 534, 816,  91, 524,   2, 283,
 878, 670, 309, 200, 694, 758, 243,  22, 239, 390, 888, 177, 443, 473, 990, 616,  27, 875, 733, 663, 641, 749, 172, 464, 983, 832,  17, 910, 823, 507, 323, 884,
  76, 818, 305, 861, 172, 906, 632, 135, 614, 353, 736, 295,  42, 147, 596,  71, 271, 858, 169,  40, 303, 572, 863,  89, 422, 181, 318, 230, 633, 109, 261, 274,
 224,1001, 206, 776, 544,  79, 419, 386, 867, 595, 176, 273,  33, 203, 599, 103, 212, 263,  95, 355, 905, 392, 755, 681, 503,1002, 294, 529, 984, 490, 654, 508,
 617, 520, 277, 960, 326, 893, 571, 883,  60, 685, 102, 750, 931, 549, 126, 713, 796, 223, 794, 421, 597, 474, 826,  98, 847, 747, 500, 890,  31, 635, 472, 993,
 966, 543, 842, 408, 513, 270, 669, 770, 720, 559, 877, 567, 780, 547, 625, 697, 259, 514, 319, 914, 756, 851, 967, 982,  68, 666,  20, 760, 664, 426, 928, 856,
  81, 486, 531, 927, 527, 407, 701, 262, 874, 578, 280, 282, 763, 604, 145, 937, 836, 662, 337, 461, 688, 495, 839, 678, 431,  97, 957, 302, 349, 195, 809, 820,
 560, 267, 167, 488, 406, 332, 373, 293, 245, 368, 659, 865, 942, 456, 331, 795, 311,  37, 424, 789, 857, 912, 904, 539, 687, 370, 536,  14, 637, 900, 436, 790,
 104, 334, 899, 330,  24, 729, 746, 951,1002, 486, 538, 498, 139, 401, 391, 801, 744,  57, 690,  44, 774, 180, 307,  81, 265, 344, 499, 428, 150, 676, 668, 329,
1002, 269, 459, 800, 902, 158, 516, 476, 450,  49, 496, 829, 166, 880, 940, 493, 357, 250, 995, 917, 704, 772, 396, 171, 317, 973, 574, 562, 954, 802, 384, 440,
 931, 892, 292,  92, 600, 999, 174, 287, 258, 764, 811, 751, 141, 991, 242, 700, 810, 338, 453, 683, 469, 457,  63, 987, 552, 522, 892, 974, 193,1001,  93, 471,
 737, 183, 843, 409, 375,  76,  75, 915, 533,  15,  83,1004, 575, 679, 894, 814,  12, 986, 446, 565, 657,  86, 548, 822, 769,  64, 420, 149, 871, 462, 156, 425,
 785, 168, 909, 175, 512, 107, 466, 335, 956, 405, 918, 963, 339, 279, 601,  85, 153, 545, 682, 184, 725, 165, 389, 292, 643, 898, 530, 696, 234, 896, 870, 359,
 160, 830, 655, 190, 913, 505, 104, 821, 693, 752, 492,  65, 199, 946, 739, 187, 266,  39, 487, 717, 468, 191, 623, 686, 834, 219,  19, 140,  16, 179,  90, 340,
 340, 864, 430, 563, 654, 416, 628, 943, 563, 921, 873, 342, 380, 649, 383, 249, 810, 841, 806, 742, 181, 686,  59,  74, 114, 771, 410, 224, 526, 968, 348, 161,
 149, 561, 517, 962, 197, 189,  51, 725, 246, 805, 726,  25,  46, 364,  34, 590, 721, 919, 414, 213, 778, 525, 222, 209, 648, 977, 377, 400, 194, 994, 828, 860,
 810, 516, 958, 981, 444, 524, 411, 895, 125, 435,   5, 731, 362, 629, 929,  73, 627, 316, 313, 260,  37, 878, 786, 949,  11, 576, 106, 240, 235, 523, 350, 231,
 848, 453,  41, 502, 920, 221, 799, 116, 327, 753, 289, 284, 868, 782, 336, 188, 841,  58, 568, 356, 301, 264, 673, 358, 252, 777, 341, 708, 651, 452, 316, 689,
 621, 671, 837, 813, 934, 120, 196, 363, 207, 734, 241, 504, 979, 605, 481, 615, 219, 518,  36, 607, 971, 497, 526, 855, 674, 944,   7, 129, 228, 827, 310, 186,
 606, 352, 887,   6, 948, 793, 369,  56, 537,  84, 996,  62, 429, 215, 532, 712, 556, 272, 367, 828, 290, 416, 817, 346, 727, 477, 397, 124, 218, 387,  26, 202,
 511, 730, 626, 825,  78,  54, 216, 475, 577, 555, 128, 645,   9, 845, 923, 144, 137, 885, 132, 889, 554, 621, 210, 924, 208, 278, 952, 804, 881, 715,  23, 548,
 634, 631, 320,  83, 853, 798, 587, 831, 759, 570, 761, 540, 484, 767,  18, 998, 227, 325, 361, 710, 117, 399, 479, 321, 876, 716,   1, 740, 691,   0, 604, 803,
 478, 423, 134, 244, 936, 692, 110, 602, 378, 211, 441, 309, 611, 840, 652, 465, 647,  88, 838, 491, 485, 535, 328, 300, 947, 151, 112, 882, 501, 152, 569, 891,
 515, 281,  99, 754, 903,   3, 454, 819, 907, 650, 644, 255, 584, 950, 613, 437, 630, 564, 470, 989, 675, 159, 385, 922, 398, 627,1004, 365,  61, 324, 256,  53,
 745, 483, 480, 438,  21, 854, 164, 667, 372, 930, 551, 624, 415, 433,  10, 586, 638, 254, 444, 442, 901, 138, 705, 394, 707, 695, 506, 299, 583, 646, 738, 463,
 622,  13, 451, 619,  89, 741, 354,  82,  30, 182, 460, 494, 285, 992, 122, 236, 925, 580, 251, 783, 879, 608, 985, 510,  50, 467, 775, 955, 609, 997, 975, 204,
 185, 214, 617, 640, 296, 173, 797, 306, 237, 449, 247, 781, 835, 288, 111, 719, 672, 154, 458, 374, 762, 656, 155, 233,  55, 376, 722, 327, 706, 714, 808, 366,
 969, 115, 859, 594, 728,  69, 404,   4, 658, 333,1002, 447, 980, 932, 618, 718, 709, 101, 146, 766, 935, 201, 121, 765, 521, 933, 205, 142, 743, 402, 642,  67,
 703, 489,  45, 592, 131, 388, 844, 639, 938, 119, 815, 965, 939, 636, 232, 792, 417, 286, 988, 970, 660, 788, 864, 593,   8, 698,  28, 192, 297, 598, 291, 412,
  66, 118, 509, 665, 143, 711, 225, 596, 699, 791, 322,  70, 787,  32,  47, 862, 916, 773, 824, 393, 976,  94, 546, 582, 579, 130, 455, 620, 427, 961, 807, 347,
   2, 678, 524, 208, 996, 232, 978, 505, 308,  75, 501, 886, 934, 570, 761, 540, 738, 192, 944, 321,   4, 595, 446, 710, 166, 613, 604, 803, 876, 716,   1, 740,
  10, 928, 955, 111, 860, 496, 626, 825, 228,  94, 678, 303, 577, 555, 128, 645, 733, 187, 210, 924, 137, 885, 132, 889, 881, 715,  23, 548, 208, 278, 952, 804,
 388, 549, 935,  56, 764, 384, 887,   6, 735, 215, 605, 712, 537,  84, 996,  62, 484, 416, 423, 346, 833, 272, 324, 367, 394, 387,  26, 202, 727, 477, 397, 124,
 517, 823, 684, 363, 683, 655, 837, 813, 979, 605, 481, 615, 207, 734, 241, 504, 824, 497, 196, 855, 518, 152,  36, 607, 842, 827, 310, 186, 674, 944,   7, 129,
 969, 980, 841, 116, 742, 923, 772, 502, 220, 782, 225, 188, 899, 753, 289, 284, 397, 964,1004, 358, 172,  58, 740, 356, 991,   0, 316, 689, 252, 777, 341, 708,
 369, 622, 411, 895, 585,  35, 958, 981, 362, 629, 929,  73, 198, 435,   5,1002, 509, 349, 786, 949, 603, 432, 313, 260, 235, 523, 350, 231,  11, 576, 106, 240,
 744, 189,  72,  51, 124, 561, 517, 962, 978, 364,  34, 590, 246, 805, 726,  25, 432, 525, 222, 209, 778, 919, 414, 213, 460, 994, 828, 860, 648, 977, 377, 400,
 757, 897, 628, 943, 869, 519, 430, 563, 526, 649, 383, 249, 380, 921, 873, 342, 220, 684,  59,  74, 257,  43, 806, 742, 228, 968, 348, 161, 114, 771, 410, 224,
 231, 638, 254, 596, 475, 445, 509, 665, 108, 195,  47, 862, 989, 791, 322,  70, 120,  94, 546, 582,1001, 773, 824, 393, 255, 961, 807, 347, 916, 130, 455, 620,
 377, 693, 844,  64, 230,  48,  45, 592, 939, 636, 232, 792, 938, 119, 815, 965, 660, 788, 864, 593, 417, 286, 988, 970, 297, 598, 291, 412,   8, 698, 324, 192,
 314, 877, 689,   4,  13, 185, 859, 594, 549, 932, 618, 718, 699, 333, 532, 447, 657, 201, 121, 765, 709, 101, 146, 766, 473, 402, 642,  67, 521, 933, 205, 142,
 348, 556, 797, 306, 858, 551, 617, 640, 835, 288, 111, 719, 237, 449, 247, 781, 762, 656, 155, 233, 672, 154, 458, 374, 706, 714, 808, 366,  55, 376, 722, 327,
 872, 741, 354,  82, 622,  13, 451, 619, 734, 992, 122, 236,  30, 182, 460, 494, 925, 608, 985, 510, 925, 580, 251, 783, 878, 997, 975, 204,  50, 467, 775, 955,
 903, 854, 164, 667, 745, 483, 480, 438, 415, 433,  10, 586, 372, 930, 551, 624, 901, 138, 705, 394, 638, 254, 444, 442, 583, 409, 738, 463, 707, 695, 506, 299,
 761,   3, 454, 819, 515, 281,  99, 754, 200, 950, 613, 437, 907, 650, 644, 255,  25, 159, 385, 922, 630, 564, 470, 989,  12, 324, 256,  53, 398, 627,1004, 365,
 936, 692, 110, 602, 478, 423, 134, 244, 611, 840, 652, 465, 378, 211, 441, 309, 485, 535, 328, 300, 647,  88, 838, 491, 501, 646, 569, 891, 947, 151, 112, 882,
 584,  34, 857, 770, 855,  68, 842, 408, 159, 519, 541, 697, 720, 559, 877, 567, 174, 722, 967, 982, 552, 514, 319,1004, 214, 426, 928, 856,  68, 851,  20, 666,
 674, 206, 571, 883, 933, 558, 277, 960, 386, 931, 898, 713,  60, 685, 102, 750, 597, 474, 826,  98, 796, 223, 794, 421,  31, 635, 472, 993, 847, 747, 500, 890,
 990,  95, 765, 386, 138,  24, 206, 776, 789, 203, 599, 103, 533, 547, 176, 273, 409, 392, 817, 681, 556, 263,  95, 355, 975, 490, 654, 508, 212, 503, 294, 760,
 976, 456, 632, 135, 842, 328, 691, 861,  42, 147, 227,  71, 614, 353, 736, 295, 971, 303, 863, 570, 271, 572, 169,  40, 633, 109, 261, 274, 422, 181, 318, 230,
 809, 286, 846,  22, 750, 670, 779, 200, 910, 473, 990, 616, 239, 390, 888, 177, 744, 749, 172, 464,  27, 875, 733, 663, 116, 507, 323, 884, 983, 832,  17, 910,
  77, 964, 343, 849, 553, 550, 953, 886, 732,  38, 482, 833, 125, 866, 610, 439, 812, 768, 162,  72,  87, 735, 351,  80,  91, 524,   2, 283, 566, 108, 534, 816,
  54, 758, 148, 581, 748, 852, 558, 591, 521, 226, 331, 959, 113, 945, 360, 680, 552, 573, 123, 911, 721, 382, 661, 170, 397, 978, 314, 163, 702, 345, 379, 403,
 541,  96, 818, 178, 157, 248, 972, 105, 381,  29, 542, 298, 304, 238, 653, 136, 371, 253, 395, 434, 268, 100, 589, 275, 312, 308, 418, 276, 677, 445, 872, 926,
 792, 811, 611, 821,  58, 327, 655, 190, 802, 946, 739, 187, 693, 752, 492,  65, 300, 191, 623, 686, 266,  39, 487, 717, 660, 179,  90, 340, 834, 219,  19, 140,
 348, 712, 466, 335,  91, 860, 909, 175, 339, 279, 601,  85, 530, 405, 918, 963, 725, 165, 389, 292, 153, 545, 682, 184, 234, 896, 870, 359, 643,1003,  28, 696,
 765, 131, 903, 915,  49,  92, 843, 409, 783, 679, 894, 814, 658,  15,  83, 149,  23, 122, 755, 822,  12, 986, 446, 565, 242, 462, 156, 425, 769,  64, 420,1002,
 915,   8, 174, 287, 278, 134, 305,  92, 141, 991, 242, 700, 258, 764, 811, 751, 469, 457,  63, 987, 810, 338, 453, 683, 193,1001,  93, 471, 552, 522, 892, 974,
 836, 158, 243, 476, 878, 269, 459, 800,   3, 880, 940, 493, 450,  49, 496, 829, 418, 772, 396, 171, 357, 250, 995, 917, 541, 802, 384, 440, 317, 973, 574, 562,
  24, 729, 746, 951, 774, 334, 899, 330, 139, 401, 391, 801, 588, 486, 538, 498,  99, 180, 307,  81, 744,  57, 690,  44, 150, 676, 668, 329, 265, 344, 499, 428,
 332, 332, 516, 293, 560, 267, 167, 488, 867, 456, 373, 795, 245, 368, 659, 865, 252, 912, 904, 539, 311,  37, 424, 789, 714, 900, 436, 790, 687, 370, 536,  14,
 527, 407, 701, 262, 229, 836, 531, 927, 763,1001, 145, 937, 874, 578, 280, 282, 688, 828, 839, 678, 784, 662, 337, 461, 349, 195, 809, 820, 431,  97, 957, 302,
 703,  88, 778, 171, 772, 337, 446, 784,  53,   1, 649, 191, 302, 957,  97, 431, 440, 701, 309, 527,  40, 325, 525, 229, 277, 145, 937, 763, 282, 280, 578, 874,
 281, 757, 196, 119, 973, 424,  37, 311, 864, 560, 700, 920,  14, 536, 370, 687,  52, 373, 332, 406, 488, 167, 267, 560, 795, 293, 456, 942, 865, 659, 368, 245,
 801, 307, 385, 941,  44, 690,  57, 744, 329, 668,1001, 150, 428, 499, 344, 265, 176, 746, 729,  24, 330, 899, 334, 774, 801, 391, 401, 139, 498, 538, 486, 588,
 869, 396, 171, 704, 917, 995, 250, 357, 440, 384, 802, 954, 562, 574, 973, 317, 476, 516, 772, 158, 800, 459, 269, 902, 493, 940, 880, 166, 829, 496,  49, 450,
 451,  63, 675, 469, 701, 453, 348, 810, 885,  93, 822, 193, 974, 892, 522, 552, 860, 174, 550, 600, 412, 531, 483, 612, 700, 242, 991, 141, 751, 811, 764, 258,
 168, 822,  86, 657, 565, 446, 986,  12, 471, 156, 462, 871, 425, 420,  64, 769, 915,  75,  76, 375, 409, 843, 183, 737, 814, 894, 679, 575, 149,  83,  15,1003,
 292, 389, 165, 725, 184, 682, 545, 153, 359, 870, 896, 234, 696, 903, 676, 643, 335, 466, 107, 512, 175, 909, 168, 956,  85, 601, 279, 339, 963, 918, 405, 530,
 686, 623, 191, 468, 717, 487,  39, 266, 340,  90, 179,  16, 140,  19, 219, 834, 821, 104, 505, 913, 190, 655, 830,1002, 187, 739, 946, 199,  65, 492, 752, 693,
 288, 395, 259, 371, 275, 589, 100, 268, 276, 418, 308, 312, 926, 872, 445, 677, 178, 818,  96, 541, 105, 972, 248, 157, 298, 542,  29, 381, 136, 653, 238, 304,
 911, 123, 573, 724, 170, 661, 382, 721, 163, 314, 978, 908, 403, 379, 345, 702, 581, 148, 893, 217, 591, 558, 852, 748, 959, 331, 226, 528, 680, 360, 945, 113,
  78, 162, 396, 812,  80, 351, 735,  87, 283,   2, 524,  91, 816, 534, 108, 566, 849, 343, 964,  77, 886, 953, 550, 553, 833, 482,  38, 732, 439, 610, 866, 125,
 464, 172, 749, 641, 663, 733, 875,  27, 884, 323, 507, 823, 910,  17, 832, 983,  22, 243, 758, 694, 200, 779, 670, 878, 616, 990, 473, 443, 177, 888, 390, 239,
 450, 863, 572, 303,  40, 169, 998, 271, 274, 261, 109, 633, 230, 318,1001, 422, 135, 632, 906, 723, 861, 305, 413, 846,  71, 227, 147,  42, 295, 736, 353, 614,
 681, 755, 392, 905, 355,  95, 263, 212, 508, 654, 490, 984, 760, 294, 181, 503, 386, 419,  79, 544, 776, 206, 529, 867, 103, 599, 203,  33, 273, 176, 595, 533,
  98, 826, 474, 597, 421, 794, 223, 796, 993, 472, 635,  31, 890, 500, 747, 847, 883, 571,1004, 326, 960, 277, 520, 785, 713, 126, 549, 931, 750, 102, 685,  60,
 982, 967, 851, 756, 914, 319, 514, 259, 856, 928, 426, 664, 133,  20, 666,  68, 770, 669, 270, 513, 408, 842, 543, 966, 697, 625, 547, 780, 567, 877, 559, 720,
 483, 705, 815, 485, 350, 838, 491, 647, 891, 569, 646, 501, 882, 112, 151, 947, 602, 110, 692, 936, 244, 134, 423, 478, 465, 652, 840, 611, 309, 441, 211, 378,
 432, 385, 159, 675, 989, 470, 564, 630,  53, 256, 126,  61, 365, 366, 627, 398, 922, 454,   3, 903, 754, 676, 281, 515, 437, 613, 950, 584, 255, 644, 650, 907,
 683, 328, 853, 901, 442, 444, 254, 638, 463, 738, 488, 583, 299, 595, 695, 707, 667, 164, 854,  21, 438, 480, 483, 745, 586,  10, 433, 415, 624, 551, 930, 372,
 510, 985, 608, 879, 783, 251, 580, 925, 204, 975, 997, 609, 955, 775, 467,  50,  82, 354, 741,  89, 619, 451,  13, 622, 236, 122, 992, 285, 494, 460, 182,  30,
 652, 155, 656, 762, 946, 458, 154, 672, 366, 808, 714, 706, 327, 722, 376,  55, 306, 797, 173, 296, 640, 617, 214, 185, 719, 111, 288, 835, 781, 247, 449, 237,
 765, 121, 201, 935, 766, 146, 101, 709,  67, 642, 402, 743, 142, 205, 933, 521,   4, 404,  69, 728, 594, 859, 115, 969, 718, 618, 932, 980, 447,1004, 333, 658,
 593, 864, 788, 660, 970, 988, 286, 417, 412, 291, 598, 297, 192,  28, 698,   8, 639, 844, 388, 131, 592,  45, 489, 703, 792, 232, 636, 939, 965, 815, 119, 938,
 582, 546,  94, 976, 393, 824, 773, 916, 347, 807, 961, 427, 620, 455, 130, 579, 596, 225, 711, 143, 665, 509, 118,  66, 862,  47,  32, 787,  70, 322, 791, 699,
 223,  59, 147, 220, 742, 806,  43, 257, 161, 348, 968, 152, 224, 410, 771, 114, 943, 628, 897, 757, 563, 430, 519, 869, 249, 383, 649, 526, 342, 873, 921, 380,
 209, 125, 525, 610, 213, 414, 919, 778, 860, 222, 994, 194, 400, 377, 977, 648, 819,  51, 189, 197, 962, 517, 561, 246, 590,  34, 364,  46,  25, 726, 805, 133,
 838, 786, 633,  48, 260, 313, 432, 603, 231, 350, 523, 235, 240, 106, 576,  11, 895, 411, 557, 448, 981, 958,  35, 585,  73, 929, 629, 362, 731,   5, 435, 198,
 358, 673, 264, 301, 356, 568,  58, 841, 689, 316, 452, 651, 708, 341, 777, 252, 116, 799, 221, 920, 502,  41,1001, 848, 188, 336, 782, 868, 284, 289, 753,  99,
 855, 233, 497, 971, 374,  36, 858, 518, 186, 310, 827, 228, 129,   7, 944, 674, 363, 196, 120, 934, 813, 837, 671, 511, 615, 481, 605, 979, 504, 241, 734, 207,
 346, 817, 416, 290, 607, 367, 272, 556, 202,  26, 387, 218, 124, 397, 477, 727,  56, 369, 793, 948,   6, 887, 352, 606, 712, 532, 215, 429,  62, 996,  84, 537,
 924, 210, 621, 554, 889, 132, 885, 137, 548,  23, 715, 881, 804, 952, 278, 208, 475, 216,  54,  78, 825, 626,1000, 730, 144, 923, 845,   9, 645, 128, 555, 577,
 321, 479, 399, 117, 710, 361, 325, 227, 803, 604,   0, 691, 740,   1, 716, 876, 831, 587, 798, 853,1003, 320, 631, 634, 998,  18, 767, 484, 540, 761, 570, 759,
 390, 924, 949, 150, 545, 257, 751, 811, 488, 129, 230, 177,  15, 612,  92,  52, 780, 193, 209,  93, 522, 552, 974, 892, 874, 469, 987,  63, 338, 810, 683, 453,
 655, 354, 116, 958,  15, 864, 149,  83, 427, 311, 194,  35, 183, 737, 409, 843, 462, 871, 425, 156,  64, 769,1004, 420,  86, 657, 822, 699, 986,  12, 565, 446,
 609, 339, 545, 601, 405, 258, 963, 918, 701, 512, 335, 466, 168, 956, 175, 909, 131, 234, 359, 870,  33, 643, 696,1001, 689, 725, 292, 389, 545, 153, 184, 682,
 946, 199, 187, 739, 752, 693,  65, 492, 505, 913, 821, 104, 830, 160, 190, 655, 179,  16, 340,  90, 219, 834, 140,  19, 191, 468, 686, 623,  39, 266, 717, 487,
 790, 763, 937, 145, 747, 874, 282, 280, 301, 527, 262, 701, 836, 229, 927, 531, 737, 349, 820, 809,  97, 431, 302, 957, 992, 688, 678, 839, 662, 784, 461, 337,
 456, 942, 795, 828, 368, 245, 865, 659, 299, 406, 293, 373, 267, 560, 488, 167, 900, 637, 790, 436, 370, 687,  14, 536, 912, 857, 539, 904,  37, 311, 789, 424,
 482, 139, 801, 391, 486, 588, 498, 538, 399,  24, 951, 746, 334, 774, 330, 899, 315, 150, 329, 668, 344, 265, 428, 499, 809, 941,  81, 307,  57, 744,  44, 690,
 880, 166, 493, 940,  49, 450, 829, 496, 332, 158, 476, 516, 269, 902, 800, 459, 802, 954, 440, 384, 973, 317, 562, 574, 772, 704, 171, 396, 250, 357, 917, 995,
 873,  42,  71, 709, 353, 614, 295, 736,  38, 723, 135, 632, 413, 846, 861, 305, 980, 633, 274, 261, 181, 422, 230, 318, 785, 303, 898, 863, 579, 271,  40, 169,
 203,  33, 103, 599, 595, 533, 273, 176,  79, 544, 386, 419, 529, 867, 776, 206, 490, 984, 508, 654,  99, 503, 760, 294, 392, 905, 681, 755, 263, 212, 355,  95,
  79, 931, 713, 126, 685,  60, 750, 102, 181, 326, 883, 571, 520, 785, 960, 277,  64,  31, 993, 472, 747, 847, 890, 500, 306, 597,  98, 826, 223, 796, 421, 794,
 547, 780, 697, 625, 559, 720, 567, 877, 270, 513, 770, 669, 543, 966, 408, 842, 426, 664, 856, 928, 666,  68,1003,  20, 851, 756, 982, 967, 514, 259, 914, 319,
 532, 381, 298, 542, 238, 304, 136, 653, 645, 541, 178, 818, 248, 157, 105, 972, 389, 312, 276, 418, 445, 677, 926, 872, 585, 371, 434, 395, 100, 268, 275, 589,
 170, 528, 959, 331, 945, 113, 680, 360, 226, 217, 581, 148, 852, 748, 591, 558, 978, 908, 163, 509, 345, 702, 403, 379, 573, 724, 911, 123, 382, 721, 170, 661,
 246, 732, 833, 482, 866, 125, 439, 610, 465,  77, 849, 343, 550, 553, 886, 953, 626,  91, 283,   2, 108, 566, 816, 534, 535, 812,  72, 162, 735,  87,  80, 351,
 473, 443, 616, 990, 390, 239, 177, 888, 758, 694,  22, 243, 670, 878, 200, 779, 507, 823, 884, 323, 832, 983, 910,  17, 749, 641, 464, 172, 875,  27, 663, 733,
 169,  28, 792, 111, 449, 237, 781, 247, 886, 296, 306, 797, 214, 185, 640, 617, 505, 706, 471, 808, 376,  55, 327, 722, 401, 762, 233, 155, 154, 672, 374, 458,
 173, 980, 932, 618, 333, 658, 447,1002,  69, 728,   4, 404, 115, 969, 594, 859, 402, 743,  67, 642, 933, 521, 142, 205, 201, 935, 765, 121, 101, 709, 766, 146,
 514, 939, 719, 232, 119, 938, 965, 815, 611, 131, 639, 844, 489, 703, 592,  45, 783, 297, 412, 291, 698,   8, 192,  28, 285, 660, 593, 864, 286, 417, 970, 988,
  32, 787, 862,  47, 791, 699,  70, 322, 711, 143, 596, 225, 118,  66, 665, 509, 961, 427, 347, 807, 130, 579, 620, 455,  94, 976, 582, 546, 773, 916, 393, 824,
 501, 611, 465, 652, 211, 378, 309, 441, 528, 936, 602, 110, 423, 478, 244, 134, 396, 152, 891, 569, 151, 947, 882, 112, 197, 485, 300, 328,  88, 647, 491, 838,
 950, 584, 437, 613, 650, 907, 255, 644,   3, 903, 819, 454, 893, 515, 754,  99,  44,  61,  53, 256, 627, 398, 365, 366, 159, 675, 922, 385, 564, 630, 989, 470,
 218, 415, 586,  10, 930, 372, 624, 551, 141,  21, 667, 164, 483, 745, 438, 480, 933, 583, 463, 738, 695, 707, 299, 506,   6, 901, 394, 705, 254, 638, 442, 444,
 992, 285, 236, 122, 182,  30, 494, 460, 741,  89,  82, 354,  13, 622, 619, 451, 997, 609, 204, 975, 467,  50, 955, 775, 608, 879, 510, 985, 580, 925, 783, 251,
 442, 979, 615, 481, 734, 207, 504, 241, 947, 934, 363, 196, 671, 511, 813, 837, 803, 228, 186, 310, 944, 674, 129,   7,  76, 971, 855,1000, 187, 518, 607,  36,
 215, 429, 712, 532,  84, 537,  62, 996, 793, 948,  56, 369, 352, 606,   6, 887, 387, 218, 202,  26, 477, 727, 124, 397, 416, 290, 346, 817, 272, 556, 858, 367,
 374,   9, 144, 923, 555, 577, 645, 128, 136,  78, 475, 216, 127, 730, 825, 626, 794, 881, 548,  23, 278, 208, 804, 952, 201, 554, 924, 210, 885, 137, 889, 132,
 767, 484, 998,  18, 570, 759, 540, 761, 798, 853, 831, 587, 631, 634,  52, 320,   0, 691, 803, 604, 716, 876, 740,   1, 399, 117, 321, 479, 325, 227, 710, 361,
  62, 526, 249, 383, 921, 380, 342, 873, 684, 757, 943, 628, 519, 869, 563, 430, 466, 501, 161, 348, 771, 114, 224, 410, 504, 220,  74,  59,  43, 257, 742, 806,
 364,  46, 590,  34, 805, 276,  25, 726, 189, 197,1004,  51, 281, 246, 962, 517, 994, 194, 860, 314, 977, 648, 400, 377, 324, 525, 209, 222, 919, 778, 213, 414,
  88, 362,  73, 929, 435, 198, 731,   5,  23, 448, 895, 411,  35, 585, 981, 958, 615, 235, 231, 350, 576,  11, 240, 106, 880,  48, 949, 786, 432, 603, 260, 313,
 782, 868, 188, 336, 753, 133, 284, 289, 221, 920, 116, 799, 561, 848, 502,  41, 452, 651, 689, 316, 777, 252, 708, 341, 264, 301, 358, 673,  58, 841, 356, 568,
 512, 578, 310, 663, 341, 708, 252, 777,  22, 767, 934, 779, 568, 356, 841,  58, 336, 188, 868, 782, 289, 284, 686, 753, 799, 116, 920, 221,  41, 502, 848, 276,
 503, 158, 156,  93, 106, 240,  11, 576, 208, 583, 954, 506, 313, 260, 603, 432, 929,  73, 362, 629,   5, 731, 198, 435, 411, 895, 448, 557, 958, 981, 585,  35,
 917, 705, 870, 994, 377, 400, 648, 977, 222, 209, 194, 525, 414, 213, 778, 919, 951, 860,  46, 364, 726,  25, 133, 805,  51, 590, 197, 189, 517, 962, 246, 561,
 348, 161, 779, 968, 410, 224, 114, 771,  59,  74, 220, 684, 806, 742, 257,  43, 383, 249, 526, 649, 873, 342, 380, 921, 628, 943, 757, 897, 430, 563, 869, 519,
 984, 803, 691,   0, 723, 740, 876, 716, 479, 321, 117, 399, 361, 710, 227, 325,  18, 998, 484, 767, 761, 540, 759, 570, 587, 452, 853, 798, 320, 831, 634, 631,
  23, 548, 881, 715, 952, 804, 208, 278, 210, 924, 554, 621, 132, 889, 137, 885, 923, 144,   9, 845, 128, 645, 577, 555, 216, 475,  78,  54, 626, 825, 730, 127,
  26, 202, 218, 387, 397, 124, 727, 477, 817, 346, 290, 416, 367,1003, 556, 272,  34, 712, 429, 215, 996,  62, 537,  84, 369,  56, 948, 793, 887,   6, 606, 352,
 604, 186, 228, 827,   7, 129, 674, 944, 310, 855, 971, 497,  36, 607, 518, 152, 481, 615, 979, 605, 241, 504, 207, 734, 196, 363, 934, 120, 837, 813, 511, 671,
 975, 204, 609, 997, 775, 955,  50, 467, 985, 510, 879, 608, 251, 783, 925, 580, 122, 236, 285, 992, 460, 494,  30, 182, 354,  82,  89, 741, 451, 619, 622,  13,
 738, 463, 583, 639, 506, 299, 707, 695, 705, 394, 901, 138, 444, 442, 638, 254,  10, 586, 415, 433, 551, 624, 372, 930, 164, 667,  21, 854, 480, 438, 745, 483,
 828,  53,  61, 324, 256, 365, 398, 627, 385, 922, 675, 159, 470, 989, 630, 564, 613, 437, 584, 950, 644, 255, 907, 650, 454, 819, 903,   3,  99, 754, 515, 281,
 569, 891, 501, 646, 112, 882, 947, 151, 328, 300, 485, 535, 838, 491, 647,  88, 652, 465, 611, 840, 441, 309, 378, 211, 110, 602, 936, 692, 134, 244, 478, 423,
 807, 347, 427, 961, 455, 620, 579, 130, 546, 582, 976,  94, 824, 393, 916, 773,  47, 862, 787,  32, 322,  70, 699, 791, 225, 596, 143, 711, 509, 665,  66, 118,
 291, 412, 297, 598,  28, 192,   8, 698, 864, 593, 660, 788, 988, 970, 417, 286, 232, 792, 939, 636, 815, 965, 938, 119, 844, 639, 131, 388,  45, 592, 703, 489,
 642,  67, 743, 402, 205, 142, 521, 933, 588, 765, 935, 201, 146, 766, 709, 101, 618, 718, 980, 932,1002, 447, 658, 333, 404,   4, 728,  69, 859, 594, 969, 115,
 808, 366, 706, 714, 722, 327,  55, 376, 155, 233, 762, 656, 458, 374, 672, 154, 111, 719, 835, 288, 247, 781, 237, 449, 797, 306, 296, 173, 617, 640, 185, 214,
  17, 884, 823, 507,  17, 910, 983, 832, 172, 464, 641, 749, 733, 663,  27, 875, 323, 616, 443, 473, 888, 177, 239, 390, 243,  22, 694, 758, 779, 200, 878, 670,
   2, 283,  91, 524, 534, 816, 566, 108, 162,  72, 812, 768, 351,  80,  87, 735, 482, 833, 732,  38, 610, 439, 125, 866, 343, 849,  77, 964, 953, 886, 553, 550,
 314, 163, 908, 978, 379, 403, 702, 345, 123, 911, 724, 573, 661, 170, 721, 382, 331, 959, 528, 226, 360, 680, 113, 945, 148, 581, 217, 893, 558, 591, 748, 852,
 418, 276, 312, 308, 872, 926, 677, 445, 395, 434, 371, 253, 589, 275, 268, 100, 542, 298, 381,  29, 653, 136, 304, 238, 818, 178, 541,  96, 972, 105, 157, 248,
 928, 856, 664, 426,  20, 835,  68, 666, 967, 982, 756, 851, 319, 914, 259, 514, 625, 697, 780, 547, 877, 567, 720, 559, 669, 770, 513, 270, 842, 408, 966, 543,
 472, 993,  31, 635, 500, 890, 847, 747, 826,  98, 597, 474, 794, 421, 796, 223, 126, 713, 931, 549, 102, 750,  60, 685, 571, 883, 326,1000, 277, 960, 785, 520,
 654, 508, 984, 490, 294, 760, 503,1001, 755, 681, 905, 392,  95, 355, 212, 263, 599, 103,  33, 203, 176, 273, 533, 595, 419, 386, 544,  79, 206, 776, 867, 529,
 261, 274, 633, 109, 318, 230, 422, 181, 863,1000, 303, 572, 169,  40, 271, 858,  52,  71,  42, 147, 736, 295, 614, 353, 632, 135, 723, 906, 305, 861, 846, 413,
 384, 440, 954, 802, 574, 562, 317, 973, 396, 171, 704, 772, 995, 917, 357, 250, 990, 493, 166, 880, 496, 829, 450,  49, 516, 476,  52, 158, 459, 800, 902, 269,
 668, 329, 150, 676, 499, 428, 265, 344, 307,  81, 941, 180, 690,  44, 744,  57, 391, 801, 139, 401, 538, 498, 588, 486, 746, 951,  24, 729, 899, 330, 774, 334,
 436, 790, 637, 900, 536,  14, 687, 370, 904, 539, 857, 912, 424, 789, 311,  37, 940, 795, 942, 456, 659, 865, 245, 368, 373, 293, 406, 332, 167, 488, 560, 267,
 809, 820, 349, 195, 957, 302, 431,  97, 839, 678, 688, 495, 337, 461, 784, 662, 145, 937, 763, 858, 280, 282, 874, 578, 701, 262, 527, 407, 531, 927, 229, 836,
  90, 340,  16, 179,  19, 140, 834, 219, 623, 686, 468, 191, 487, 717, 266,  39, 739, 187, 199, 946, 492,  65, 693, 752, 104, 821, 913, 505, 655, 190, 160, 830,
 870, 359, 234, 896,1001, 696, 643, 898, 389, 292, 725, 165, 682, 184, 153, 545, 601,  85, 339, 279, 918, 963, 530, 405, 466, 335, 512, 107, 909, 175, 956, 168,
 156, 425, 871, 462, 420,1004, 769,  64, 121, 822, 657,  86, 446, 565,  12, 986, 894, 814, 575, 679,  83, 149, 127,  15,  75, 915, 375,  76, 843, 409, 737, 183,
  93, 471, 193,1003, 892, 974, 552, 522,  63, 987, 469, 457, 453, 683, 810, 338, 242, 700, 141, 991, 811, 751, 258, 764, 174, 287, 600, 999, 941,  92, 612, 850,
 692, 895, 913, 403, 214,  20, 244, 930, 854, 301, 916, 583, 392, 452, 745, 438,  58, 399, 515,  88, 495, 533, 911, 695, 366, 213, 677, 612, 576, 442, 444, 254,
  39, 796, 251, 992, 943, 157,  30, 366, 445, 551, 375, 741, 942, 619, 622,  13, 663, 204, 798, 997, 849, 955,  50, 467, 712, 510, 879, 608, 251, 783, 925, 580,
 486, 143, 915, 840,  93,  21, 466, 211, 673, 694, 936, 692, 134, 244, 478, 423, 138, 443, 834, 646, 112, 882, 947, 151, 328, 300, 785, 535, 838, 491, 647,  88,
 989, 455, 484, 950, 353, 683, 907, 650, 919,  82, 903,   3, 967, 754, 515, 281, 891,  53, 784, 324, 775, 365, 398, 627, 385, 922, 675, 159, 470, 989, 630, 564,
 861,  59, 291, 636, 114, 582, 819, 119, 550, 639, 768, 388,  45, 592, 703, 489, 408, 242, 440, 598, 144, 192, 945, 698, 864, 593, 660, 788, 988, 970, 417, 286,
 823, 862, 379,  32, 322,  70, 699, 791, 753, 596, 143, 711, 123, 366,  66, 118, 807, 347, 427, 961, 455, 620, 579, 130, 546, 582, 976,  94, 451, 393, 916, 773,
  64, 719, 835, 288, 247, 781, 237, 449, 364, 306, 296, 173, 617, 640, 185, 214, 808, 366, 706, 714, 722, 327,  55, 376, 155, 233, 762, 656, 458, 374, 672, 154,
 480, 718, 980, 932,1004, 447, 658, 333, 173,   4, 728,  69, 859, 594, 969, 115, 642,  67, 743, 402, 205, 142, 521, 933, 121, 765, 935, 201, 146, 766, 709, 101,
  35, 451, 161, 341, 325, 305, 188, 435, 407, 274, 144, 387, 958, 981, 198,  35, 970, 655, 997, 993, 106, 240,  11, 576, 571, 507, 143, 980, 313, 260, 585, 432,
 612, 677, 448, 782, 939, 213, 445, 753, 799, 116, 868, 221,  41,  52, 848, 182, 316, 689, 651, 452, 341, 708, 252, 777, 673, 358, 301, 264, 568, 356, 841,  58,
 952, 610, 526, 649, 176, 538, 380, 921, 628, 943, 757, 897, 430, 563, 869, 519, 348, 161, 937, 968, 410, 299, 114, 771,  59,  74, 220, 684, 806, 742, 257,  43,
 478, 560,  46, 364,  56, 360, 133, 805,  51, 819, 920, 189, 517, 962, 246, 561, 858, 860, 194, 994, 377, 400, 648, 977, 222, 209, 485, 525, 414, 213, 778, 919,
 296, 423,   9, 845, 128, 645, 577, 555, 216, 475,  78,  54, 626, 825, 730,1003, 535, 548, 881, 715, 952, 804, 208, 278,  23, 924, 554, 621, 132, 889, 137, 885,
  18, 998, 484, 767, 761, 540, 759, 570, 587, 831, 853, 798, 320, 665, 634, 631, 604, 803, 691,   0,   1, 740, 876, 716, 479, 321, 117, 399, 361, 710, 227, 325,
 290, 615, 979, 605, 241, 504, 207, 734, 196, 363, 934, 120, 837, 813, 511, 671, 310, 186, 228, 827,   7, 129, 674, 944, 210, 855, 971, 497,  36, 607, 518, 152,
 481, 712, 429, 215, 996,  62, 537,  84, 369,  56, 948, 793, 887,   6, 606, 352,  26, 202, 218, 387, 397, 124, 727, 477, 817, 346, 290, 416, 367, 324, 556, 272,
 802, 826, 130,   0,  95, 756, 148, 486, 662, 951,  24, 729, 805, 330, 774, 334, 737, 502, 455, 676, 499, 428, 265, 344, 455,  81, 307, 180, 690,  44, 744,  57,
 543, 799, 694, 880, 803, 297, 450,  49, 521, 476,  89, 158, 459, 800, 902, 269, 295, 440, 494, 802, 574, 562, 317, 973, 396, 171, 704, 772, 995, 917, 357, 250,
 620, 772, 743,   6, 127, 645, 874, 578, 943, 602, 527, 407, 531, 927, 229, 836, 961, 820, 939, 195, 957, 302, 431,  97, 839, 678, 688, 495, 337, 461, 784, 662,
 669, 227, 316, 456, 384, 948, 245, 368,  53, 293, 406, 332, 167, 488, 560, 267, 934, 790, 142, 900, 536,  14, 687, 370, 904, 539, 857, 912, 424, 789, 311,  37,
 608,  85, 671, 279, 142, 963, 530, 405, 563, 335, 512, 107, 909, 175, 956, 168, 870, 359, 234, 896, 457, 696, 643, 898, 389, 292, 725, 165, 682, 184, 153, 545,
 463, 187, 199, 946, 492,  65, 693, 752, 518, 821, 913, 505, 655, 190, 160, 830,  90, 340,  16, 179,  19, 400, 834, 219, 623, 686, 468, 191, 487, 717, 266,  39,
1003, 700, 339, 991, 918, 751, 258, 764, 147, 287, 600, 999, 811,  92, 612, 850,  93, 471, 193, 122, 892, 974, 552, 522,  63, 987, 469, 457, 453, 683, 810, 338,
 557, 814, 141, 679,  83, 149, 127,  15, 353, 915, 375,  76, 843, 409, 737, 183, 156, 425, 871, 462, 420, 140, 769,  64, 887, 822, 657,  86, 446, 565,  12, 986,
 798, 219, 732,  38, 211, 690, 125, 866, 343, 849,  77, 964, 953, 886, 553, 550, 391, 283,  91, 524, 534, 816, 566, 108,   2,  72, 812, 768, 351,  80,  87, 735,
 844, 193, 443, 473, 675, 491, 239, 390, 243,  22, 694, 758, 779, 200, 878, 670, 323, 884, 823, 507,  17, 910, 983, 832, 172, 464, 641, 749, 733, 663,  27, 875,
 595, 129, 381,  29, 256, 244, 304, 238, 818, 178, 541,  96, 972, 105, 157, 248, 418, 891, 312, 308, 872, 926, 677, 224, 395, 434, 371, 253, 589, 275, 268, 100,
 162, 708, 528, 226, 616, 601, 113, 945, 148, 581, 217, 197, 558, 591, 748, 852, 314, 163, 908, 978, 379, 403, 702, 445, 123, 911, 724, 573, 661, 170, 721, 382,
 898, 713, 931, 549, 102, 750,  60, 685, 571, 883, 131, 326, 277, 960, 785, 520, 472, 993,  31, 635, 500, 890, 847, 747, 826,  98, 597, 474, 794, 421, 796, 223,
 625, 697, 780, 547, 877, 567, 720, 559, 669, 770, 513, 270, 842, 408, 966, 543, 928, 856, 664, 426,  20,1002,  68, 441, 967, 982, 756, 851, 319, 914, 259, 514,
 122,  71,  42, 147, 736, 295, 614, 353, 632, 135, 723, 906, 305, 861, 846, 413, 261, 274, 633, 109, 318, 230, 422, 181, 863,1000, 303, 572, 169,  40, 271, 858,
 532, 103,  33, 203, 176, 273, 533, 595, 419, 386, 544,  79, 206, 776, 867, 529, 654, 508, 984, 490, 294, 760, 503, 666, 755, 681, 905, 392,  95, 355, 212, 263,
 573, 724, 530, 654, 851, 503, 700, 294, 919, 905, 920, 755, 263, 212, 355,  95, 333, 875, 423, 599, 491, 533,  76, 176,  79, 544, 386, 419, 529, 867, 776, 206,
 884, 633, 274, 261, 181, 422, 230, 318, 376, 303, 392, 863, 441, 271,  40, 169, 338,  42,  71, 441, 353, 614, 295, 736, 906, 723, 135, 632, 413, 846, 861, 305,
 850, 664, 856, 928, 666,  68, 378,  20, 536, 756, 982, 967, 514, 259, 914, 319, 547, 780, 697, 625, 559, 720, 567, 877, 564, 513, 770, 669, 543, 966, 408, 842,
 300,  31, 993, 472, 747, 847, 890, 500, 640, 597,  98, 826, 223, 796, 421, 794, 549, 931, 713, 126, 685,  60, 750, 102, 270, 326, 883, 571, 520, 785, 960, 277,
 467, 528, 334, 314, 138, 702, 562, 379, 572, 724, 911, 123, 382, 721, 170, 661, 142, 528, 604, 331, 739, 579,   0, 360, 893, 217, 581, 148, 852, 748, 591, 558,
 768, 312, 787, 418, 445, 677, 926, 872, 351, 371, 434, 395, 100, 268, 275, 589,  29, 381, 298, 542, 238, 304, 136, 653,  96, 541, 178, 818, 248, 157, 105, 972,
 544, 823, 884, 323, 832, 983, 910,  17, 647, 641, 464, 172, 875,  27, 663, 733, 473, 443, 616, 990, 390, 239, 177, 888, 758, 694,  22, 243, 670, 878, 200, 779,
 992,  91, 283,   2, 108, 566, 816, 534, 363, 812,  72, 162, 735,  87,  80, 351,  38, 732, 833, 482, 866, 125, 439, 610, 964,  77, 849, 343, 550, 553, 886, 953,
 387, 174, 425, 156, 285, 769, 254, 420,  86, 657, 822, 681, 986,  12, 565, 446, 679, 575, 814, 894,  15, 127, 149,  83,  76, 375, 915,  75, 183, 737, 409, 843,
 480, 193, 471,  93, 522, 552, 974, 892, 457, 469, 987,  63, 338, 810, 683, 502, 991, 141, 700, 242, 764, 258, 751, 811, 999, 600, 287, 174, 850, 612,  92, 453,
 179,  16, 340,  90, 219, 834, 140,  19, 191, 468, 686, 623,  39, 266, 717, 487, 946, 199, 187, 739, 752, 693,  65, 492, 505, 913, 821, 104, 830, 160, 190, 655,
 896, 234, 359, 870,  64, 643, 696,1002, 165, 725, 292, 389, 545, 153, 184, 682, 279, 339,  85, 601, 405, 530, 963, 918, 107, 512, 335, 466, 168, 956, 175, 909,
 619, 530, 790, 436, 370, 687,  14, 536, 912, 857, 539, 904,  37, 311, 789, 424, 456, 942, 795, 122, 368, 245, 865, 659, 332, 406, 293, 373, 267, 560, 488, 167,
 195, 349, 820, 809,  97, 431, 302, 957, 495, 688, 678, 839, 662, 784, 461, 337, 147, 763, 937, 145, 578, 874, 282, 280, 407, 527, 262, 701, 836, 229, 927, 531,
 802, 954, 440, 384, 973, 317, 562, 574, 772, 704, 171, 396, 250, 357, 917, 995, 880, 166, 493, 940,  49, 450, 829, 496, 158,1004, 476, 516, 269, 902, 800, 459,
 676, 150, 329, 668, 344, 265, 428, 499, 180, 941,  81, 307,  57, 744,  44, 690, 401, 139, 801, 391, 486, 588, 498, 538, 729,  24, 951, 746, 334, 774, 330, 899,
 964, 218, 202, 401, 477, 727, 124, 397, 232, 290, 346, 817, 272, 556,  82, 367, 414, 429, 712, 215,  84, 537,  62, 996, 793, 948,  56, 369,  52, 606,   6, 887,
 726, 228, 186, 310, 944, 674, 129,   7,  83, 971, 855,1002,1002, 518, 607,  36, 605, 979, 615, 481, 734, 207, 504, 241, 120, 934, 363, 196, 671, 511, 813, 837,
 495, 691, 803, 604, 716, 876, 740,   1, 615, 117, 321, 479, 325, 227, 710, 361, 767, 484, 998,  18, 570, 759, 540, 761, 798, 853, 789, 587, 631, 634, 831, 320,
 299, 881, 548,  23, 278, 208, 804, 952, 206, 554, 924, 210, 885, 137, 889, 132, 845,   9, 144, 923, 555, 577, 645, 128, 985,  78, 475, 216,  54, 730, 825, 626,
 515, 194, 860,  26, 977, 648, 400, 377, 328,  66, 209, 222, 919, 778, 213, 414, 364,  46, 590,  34, 805, 113,  25, 726, 189, 197, 941,  51, 561, 246, 962, 517,
 417, 152, 161, 348, 771, 114, 224, 410, 467, 220,  74,  59,  43, 257, 742, 806, 649, 526, 249, 383, 921, 380, 342, 873, 897, 757, 943, 628, 519, 869, 563, 430,
 571, 651, 689, 316, 777, 252, 708, 341, 277, 301, 358, 673,  58, 841, 356, 568, 782, 868, 188, 336, 753, 133, 284, 289, 221, 920, 116, 799, 352, 848, 502,  41,
 327, 235, 231, 350, 576,  11, 240, 106, 220,  48, 949, 786, 432, 603, 260, 313, 629, 362,  73, 929, 435, 198, 731,   5, 557, 448, 895, 411,  35, 585, 981, 958,
 402, 743,  67, 642, 933, 521, 142, 205, 201, 935, 765, 121, 101, 709, 766, 146, 932, 980, 718, 618, 333, 658, 447, 441,  69, 728,   4, 404, 115, 969, 594, 859,
 714, 706, 366, 808, 376,  55, 327, 722, 656, 762, 233, 155, 154, 672, 374, 458, 288, 835, 719, 111, 449, 237, 781, 247, 173, 296, 306, 797, 214, 185, 640, 617,
 961, 427, 347, 807, 130, 579, 620, 455,  94, 976, 582, 546, 773, 916, 393, 824,  32, 787, 862,  47, 791, 699,  70, 322, 711, 143, 596, 225, 118,  66, 665, 509,
 598, 297, 412, 291, 698,   8, 192,  28, 788, 660, 593, 864, 286, 417, 970, 988, 636, 939, 792, 232, 119, 938, 965, 815, 388, 131, 639, 844, 489, 703, 592,  45,
 126,  61,  53, 256, 627, 398, 365,1004, 159, 675, 922, 385, 564, 630, 989, 470, 950, 584, 437, 613, 650, 907, 255, 644,   3, 903, 819, 454, 281, 515, 754,  99,
 646, 501, 891, 569, 151, 947, 882, 112, 535, 485, 300, 328,  88, 647, 491, 838, 840, 611, 465, 652, 211, 378, 309,  52, 692, 936, 602, 110, 423, 478, 244, 134,
 997, 609, 204, 975, 467,  50, 955, 775, 608, 879, 510, 985, 580, 925, 783, 251, 992, 285, 236,1001, 182,  30, 494, 460, 741,  89,  82, 354,  13, 622, 619, 451,
 599, 583, 463, 738, 695, 707, 299, 506, 138, 901, 394, 705, 254, 638, 442, 444, 433, 415, 586,  10, 930, 372, 624, 551, 854,  21, 667, 164, 483, 745, 438, 480,
 994, 927,  73, 217, 736, 558, 852, 748, 739, 409, 226, 528, 444, 360, 945, 483, 581, 123, 752, 724,  96, 661, 382, 721, 300, 163, 978, 908, 403, 379, 345, 702,
 686, 619, 679, 541, 105, 972, 248, 157, 298, 542,  29, 381, 136, 653, 238, 304,  23,  45,  91, 371, 275, 589, 100, 268, 965, 418, 308, 312, 926, 872, 445, 677,
 578, 243, 135, 694, 200, 779, 670, 878, 616, 990, 473, 443, 177, 888, 390, 239, 674, 172, 214, 641, 663, 733, 875,  27, 884, 323, 507, 823, 910,  17, 832, 983,
 987, 343, 473,  77, 886, 953, 550, 553, 833, 482,  38, 732, 439, 610, 866, 125, 985, 162, 730, 812,  80, 351, 735,  87, 283,   2, 524,  91, 816, 534, 108, 566,
 436, 614, 827, 544, 893, 965, 529, 879, 697, 599, 203,  33, 204, 176, 595, 533,  62, 412, 392, 905, 681,  95, 263, 212, 508, 654, 490, 984,1004, 294,1002, 503,
 754, 845, 906, 723, 861, 305, 413, 846,  71, 632, 147,  42, 295, 736, 353, 614, 135, 863, 572, 303,  40, 169, 854, 271, 274, 261, 109, 633, 230, 318, 181, 422,
  46, 669,  79, 513, 408, 842, 543, 966, 103, 625, 547, 780, 567, 877, 559, 720, 982, 967, 851, 756, 914, 319, 514, 867, 856, 928, 426, 664, 776,  20, 666,  68,
 883, 571, 270, 326, 960, 277, 520, 785, 713, 126, 549, 931, 750, 102, 685,  60,  98, 826, 474, 597, 421, 794, 223, 796, 993, 472, 635,  31, 890, 500, 747, 847,
 892, 464, 332, 406, 847, 167, 267, 560, 795, 820,1003, 942, 865, 659, 368, 245, 539, 904, 912, 857, 789, 424,  37, 311, 790, 436, 900, 637,  14, 536, 370, 687,
 303, 701, 407, 527, 927, 531, 836, 229, 937, 145, 456, 763, 282, 280, 578, 874, 678, 839, 495, 688, 461, 337, 662,1001, 820, 809, 195, 349, 302, 957,  97, 431,
 476, 516, 158, 898, 800, 459, 269, 902, 493, 940, 880, 166, 829, 496,  49, 450, 171, 396, 772, 704, 917, 995, 250, 357, 440, 384, 802, 954, 562, 574, 973, 317,
 951, 746, 729,  24, 330, 899, 334, 774, 801, 391, 401, 139, 498, 538, 486, 588,  81, 307, 180,  99,  44, 690,  57, 744, 329, 668, 676, 150, 428, 499, 344, 265,
 391, 437,  76, 375, 409, 206, 183, 737, 814, 894, 679, 575, 149,  83,  15, 127, 822, 755,  86, 657, 565, 446, 986,  12, 425, 156, 462, 871, 760, 420,  64, 769,
 287, 174, 999, 600,  92, 843, 850, 612, 700, 242, 991, 141, 751, 811, 764, 258, 987,  63, 457, 469, 683, 453, 338, 810, 471,  93,1001, 193, 974, 892, 509, 552,
 821, 104, 505, 913, 190, 655, 830, 160, 187, 739, 946, 199,  65, 492, 752, 693, 686, 623, 191, 468, 717, 487,  39, 266, 340,  90, 179,  16, 140,  19, 219, 834,
 335, 466, 107, 512, 175, 909, 168, 956,  85, 601, 279, 339, 963, 918, 405, 530, 292, 389, 165, 725, 184, 682, 545, 153, 359, 870, 896, 234, 696,  99, 522, 643,
 814,  51, 121, 197, 962, 517, 588, 246, 590,  34, 364,  46,  25, 726, 805, 113, 320, 222, 497, 329, 213, 414, 919, 778, 860, 314, 994, 194, 400, 377, 977, 648,
 911, 628, 850, 757, 563, 430, 519, 869, 249, 383, 649, 526, 342, 873, 921, 380, 704,  59, 143, 220, 742, 806,  43, 257, 161, 348, 968, 152, 224, 410, 771, 114,
 687, 799, 263, 920, 502,  41, 561, 848, 188, 336, 782, 868, 284, 289, 753, 133, 317, 673, 189, 301, 356, 568,  58, 841, 689, 316, 452, 651, 708, 341, 777, 252,
 121, 411,  10, 448, 981, 958,  35, 585,  73, 929, 629, 362, 731,   5, 435,1000, 530, 786, 178,  48, 260, 313, 432, 603, 231, 350, 523, 235, 240, 106, 576,  11,
 206, 369, 793, 948,1000, 887, 352, 606, 712, 532, 215, 429, 273, 996,  84, 537, 346, 817, 416, 290, 170, 367, 272, 556, 202,  26, 387, 218, 124, 397, 477, 727,
 363, 196, 120, 934, 813, 837, 671, 511, 615, 481, 605, 979, 504, 241, 734, 207, 855, 395, 497, 971, 355,  36, 607, 518, 186, 310, 827, 228, 129,   7, 944, 674,
  56, 587, 798, 853,   6, 320, 631, 634, 998,  18, 767, 484, 540, 761, 570, 759, 321, 479, 399, 117, 710, 361, 325, 227, 803, 604,   0, 691, 740,   1, 716, 876,
 475, 216,  54,  78, 825, 626,1003, 730, 144, 923, 845,   9, 645, 128, 555, 577, 924, 210, 621, 554, 889, 132, 885, 137, 548,  23, 715, 881, 804, 952, 278, 208,
 819, 454,   3, 903, 754,  99, 281, 515, 437, 613, 950, 584, 255, 644, 650, 907, 922, 385, 159, 675, 989, 470, 564, 630,  53, 256,  99,  61, 365,1004, 627, 398,
 602, 110, 692, 936, 244, 134, 423, 478, 465, 652, 840, 611, 309, 441, 211, 378, 300, 328, 535, 485, 491, 838,  88, 647, 891, 569, 646, 501, 882, 112, 151, 947,
  82, 354, 741,  89, 619, 451,  13, 622, 236, 122, 992, 285, 494, 460, 182,  30, 510, 985, 608, 879, 783, 251, 580, 925, 204, 975, 997, 609, 955, 775, 467,  50,
 667, 164, 854,  21, 438, 480, 483, 745, 586,  10, 433, 415, 624, 551, 930, 372, 394, 705, 138, 901, 442, 444, 254, 638, 463, 738, 324, 583, 299, 506, 695, 707,
   4, 404,  69, 728, 594, 859, 115, 969, 718, 618, 932, 980,  62, 447, 333, 658, 765, 121, 201, 935, 766, 146, 101, 709,  67, 642, 402, 743, 142, 205, 933, 521,
 306, 797, 173, 296, 640, 617, 214, 185, 719, 111, 288, 835, 781, 247, 449, 237, 233, 155, 656, 762, 374, 458, 154, 672, 366, 808, 714, 706, 327, 722, 376,  55,
 596, 225, 711, 143, 665, 509, 118,  66, 862,  47,  32, 787,  70, 322, 791, 699, 582, 546,  94, 976, 393, 824, 773, 916, 347, 807, 961, 427, 620, 455, 130, 579,
 639, 844, 388, 131, 592,  45, 489, 703, 792, 232, 636, 939, 965, 815, 119, 938, 593, 864, 788, 660, 970, 988, 286, 417, 412, 291, 598, 297, 192,  28, 698,   8,
 580, 165, 691, 593, 417, 286, 988, 970, 297, 598, 291, 412,   8, 698,  28, 192, 131,  33, 844, 639, 703, 489,  45, 592, 939, 636, 232, 792, 938, 119, 815, 965,
 351,  94, 546, 582, 916, 773, 824, 393, 427, 961, 807, 347, 579, 130, 455, 620, 143, 711, 225, 596,  66, 118, 509, 665, 787,  32,  47, 862, 699, 791, 322,  70,
 762, 656, 155, 233, 672, 154, 458, 374, 706, 714, 808, 366,  55, 376, 722, 327, 296, 173, 797, 306, 185, 214, 617, 640, 835, 288, 111, 719, 237, 449, 247, 781,
 935, 201, 121, 765, 709, 101, 146, 766, 743, 402, 642,  67, 521, 933, 205, 142, 728,  69, 404,   4, 969, 115, 859, 594, 980, 932, 618, 718, 658, 333,1004, 447,
 130, 188, 705, 394, 638, 254, 444, 442, 583, 331, 738, 463, 707, 695, 506, 299,  21, 854, 164, 667, 745, 483, 480, 438, 415, 433,  10, 586, 372, 930, 551, 624,
 879, 608, 985, 510, 925, 580, 251, 783, 609, 997, 975, 204,  50, 467, 775, 955,  89, 741, 354,  82, 622,  13, 451, 619, 285, 992, 122, 236,  30, 182, 460, 494,
 485, 535, 328, 300, 647,  88, 838, 491, 501, 646, 569, 891, 947, 151, 112, 882, 936, 692, 110, 602, 478, 423, 134, 244, 611, 840, 652, 465, 378, 211, 441, 309,
 675, 159, 385, 922, 630, 564, 470, 989,  61, 324, 256,  53, 398, 627, 941, 365, 903,   3, 454, 819, 515, 281,  99, 754, 584, 950, 613, 437, 907, 650, 644, 255,
 596, 312, 210, 181, 137, 885, 132, 889, 881, 715,  23, 548, 208, 278, 952, 804,  78,1002, 216, 475, 730,1003, 626, 825,   9, 845, 923, 144, 577, 555, 128, 645,
 262, 399, 479, 321, 227, 325, 361, 710, 691,   0, 604, 803, 876, 716,   1, 740, 853, 798, 587, 831, 634, 631, 320, 784, 484, 767,  18, 998, 759, 570, 761, 540,
 971, 497, 884, 924, 518, 152,  36, 607, 228, 827, 310, 186, 674, 944,   7, 129, 934, 120, 196, 363, 511, 671, 837, 813, 979, 605, 481, 615, 207, 734, 241, 504,
 117, 416, 817, 346, 556, 272, 367,1000, 218, 387,  26, 202, 727, 477, 397, 124, 948, 793, 369,  56, 606, 352, 887,   6, 429, 215, 532, 712, 537,  84, 996,  62,
 562, 324, 786, 949, 603, 432, 313, 260, 235, 523, 350, 231,  11, 576, 106,1000, 448, 557, 411, 895, 585,  35, 958, 981, 362, 629, 929,  73, 198, 435,   5, 731,
 301, 264, 673, 358, 841,  58, 568, 356, 651, 452, 316, 689, 252, 777, 341, 708, 920, 221, 799, 116, 848, 276,  41, 502, 868, 782, 336, 188, 133, 753, 289, 284,
 220, 684,  59,  74, 257,  43, 806, 742, 697, 968, 348, 161, 114, 771, 410, 224, 757, 897, 628, 943, 869, 519, 430, 563, 526, 649, 383, 249, 380, 921, 873, 342,
 290, 525, 222, 209, 778, 919, 414, 213, 194, 994, 828, 860, 648, 977, 377, 400, 197, 189,  51, 941, 246, 561, 517, 962,  46, 364,  34, 590,1003, 805, 726,  25,
 725, 165, 389, 292, 153, 545, 682, 184, 234, 896, 870, 359, 643, 898,1003, 696, 512, 107, 466, 335, 956, 168, 909, 175, 339, 279, 601,  85, 530, 405, 918, 963,
 976, 191, 623, 686, 266,  39, 487, 717,  16, 179,  90, 340, 834, 219,  19, 140, 913, 505, 104, 821, 160, 830, 655, 190, 199, 946, 739, 187, 693, 752, 492,  65,
 469, 457,  63, 987, 810, 338, 453, 683, 193, 262,  93, 471, 552, 522, 892, 974, 600, 999, 174, 287, 612, 850,1002,  92, 141, 991, 242, 700, 258, 764, 811, 751,
 468,  86, 657, 822,  12, 986, 446, 565, 871, 462, 156, 425, 769,  64, 420, 198, 375,  76,  75, 915, 737, 183, 843, 409, 133, 679, 894, 814, 127,  15,  83, 149,
 941, 180, 307,  81, 744,  57, 690,  44, 150, 676, 668, 329, 265, 344, 499, 428,  24, 729, 746, 951, 774, 334, 899, 330, 139, 401, 391, 801, 588, 486, 538, 498,
 704, 772, 396, 171, 357, 250, 995, 917, 954, 802, 384, 440, 317, 973, 574, 562, 898, 158, 516, 476, 902, 269, 459, 800, 166, 880, 940, 493, 450,  49, 496, 829,
 688, 495, 839, 678, 784, 662, 337, 461, 349, 195, 809, 820, 431,  97, 957, 302, 527, 407, 701, 262, 229, 836, 531, 927, 763,1003, 145, 937, 874, 578, 280, 282,
 857, 912, 904, 539, 311,  37, 424, 789, 637, 900, 436, 790, 687, 370, 536,  14, 406, 332, 373, 293, 560, 267, 167, 488, 942, 456, 575, 795, 245, 368, 659, 865,
 597, 474, 826,  98, 796, 223, 794, 421,  31, 635, 472, 993, 847, 747, 500, 890, 326,  54, 571, 883, 785, 520, 277, 960, 931, 549, 126, 713,  60, 685, 102, 750,
 756, 851, 967, 982, 259, 514, 319, 914, 664, 426, 928, 858,  68, 666,  20, 856, 513, 270, 669, 770, 966, 543, 842, 408, 780, 547, 625, 697, 720, 559, 877, 567,
 303, 572, 863, 855, 271, 858, 169,  40, 633, 109, 261, 274, 422, 181, 318, 230, 723, 906, 632, 135, 846, 413, 305, 861,  42, 147,1001,  71, 614, 353, 736, 295,
 905, 392, 755, 681, 212, 263,  95, 355, 984, 490, 654, 508, 503,1001, 294, 760, 544,  79, 419, 386, 867, 529, 206, 776,  33, 203, 599, 103, 533, 595, 176, 273,
 812, 768, 162,  72,  87, 735, 351,  80,  91, 524,   2, 283, 566, 108, 534, 816,  77, 964, 343, 849, 553, 550, 953, 886, 732,  38, 482, 833, 125, 866, 610, 439,
 641, 749, 172, 464,  27, 875, 733, 663, 823, 507, 323, 884, 983, 832,  17, 910, 694, 758, 243,  22, 878, 670, 779, 200, 443, 473, 990, 616, 239, 390, 888, 177,
 371, 253, 395, 434, 268, 100, 589, 275, 312, 308, 418, 276, 677, 445, 872, 926, 541,  96, 818, 178, 157, 248, 972, 105, 381,  29, 542, 298, 304, 238, 653, 136,
 724, 573, 123, 911, 721, 382, 661, 170, 908, 978, 314, 163, 702, 345, 379, 403, 217, 893, 148, 581, 748, 852, 558, 591, 528, 226, 331, 959, 113, 945, 360, 680,
 183, 513, 999, 789, 933, 771, 959, 539, 154, 370, 536,  14, 742, 900, 436, 790, 858, 267, 176, 488, 178, 332, 126, 293, 245, 368, 659, 865, 942, 456, 638, 795,
 641, 543,  49, 461, 739, 685, 839, 678, 431,  97, 957, 302, 349, 195, 809, 820, 229, 836, 337, 927, 527, 407, 701, 262, 874, 578, 280, 282, 763, 858, 145, 937,
 197, 514, 731, 917, 740, 902, 396, 171, 317, 973, 574, 562, 954, 802, 384, 440, 902, 269, 995, 800, 460, 158, 516, 476, 450,  49, 496, 829, 166, 880, 940, 493,
 701, 873, 690,  44, 871, 822, 307,  81, 265, 344, 499, 428, 150, 676, 668, 329, 774, 334, 899, 330,  24, 729, 746, 951, 588, 486, 538, 498, 139, 401, 391, 801,
  41, 986,  49, 565, 447,  86,  75, 822, 769,  64, 336, 420, 871, 462, 156, 425, 290, 183, 599, 409, 410,  76,  70, 915, 127,  15,  83, 149, 575, 679, 894, 814,
 810, 338, 453, 683, 469, 457,  63, 987, 552, 522, 892, 974, 193,1001,  93, 471, 612, 850, 531,  92, 600, 999, 174, 287, 258, 764, 811, 751, 824, 991, 242, 700,
  90,  39, 487, 717, 468, 191, 623, 686, 834, 219,  19, 140,  16, 179,  90,1000, 266, 830, 655, 190, 913, 505, 104, 821, 693, 752, 492,  65, 199, 946, 739, 187,
 153, 545, 682, 184, 725, 165, 389, 292, 643, 898, 366, 696, 234, 896, 870, 359, 956, 168, 909, 175, 512, 107, 466, 335, 530, 405, 918, 963, 339, 279, 601,  85,
 239, 453, 661, 170, 330, 243, 123, 911, 702,  32, 379, 403, 908, 978, 314, 163, 748, 852, 558, 591, 217, 893, 148, 581, 113, 945, 360, 680, 528, 226, 603, 959,
 582, 370, 589, 275, 553, 825, 395, 434, 677, 445, 872, 926, 312, 308, 418, 276, 157, 248, 972, 105, 541,  96, 818, 178, 304, 238, 653, 136, 381,  29, 542, 298,
 411, 234, 733, 663, 545, 377, 172, 464, 983, 832,  17, 910, 823, 507, 323, 884, 878, 670, 779, 200, 694, 758, 243,  22, 239, 390, 888, 177, 443, 473, 990, 616,
 316, 247, 351,  80,  82, 292, 162,  72, 566, 108, 534, 816,  91, 524,   2, 283, 553, 550, 953, 886,  77, 964, 343, 849, 125, 866, 610, 439, 732,  38, 482, 833,
 687, 263,  95, 355, 905, 392, 755, 681, 503,  99, 294, 760, 984, 490, 654, 508, 867, 529, 206, 776, 544,  79, 419, 386, 533, 595, 176, 273,  33, 203, 599, 103,
  21, 858, 169,  40, 303, 271, 863, 572, 422, 181, 318, 230, 633, 109, 261, 274, 846, 413, 305, 861, 723, 906, 632, 135, 614, 353, 736, 295,  42, 147, 141,  71,
 212, 514, 259, 914, 756, 851, 319, 982,  68, 666,  20, 509, 664, 426, 928, 856, 966, 543, 842, 408, 513, 270, 669, 770, 720, 559, 877, 567, 780, 547, 625, 697,
 796, 223, 794, 421, 597, 474, 967,  98, 847, 747, 500, 890,  31, 635, 472, 993, 785,1003, 277, 960, 326, 520, 571, 883,  60, 685, 102, 750, 931, 549, 126, 713,
 314, 551, 718, 989, 459, 358, 385, 922, 398, 627, 625, 365,  61, 324, 256,  53, 515, 281, 470, 754, 903,   3, 454, 819, 907, 650, 644, 255, 584, 950, 613, 437,
 414,  71, 838, 491, 105, 291, 328, 300, 947, 549, 112, 882, 501, 646, 569, 891, 478, 423, 134, 244, 936, 692, 110, 602, 378, 211, 441, 309, 611, 840, 652, 465,
 964, 138, 251, 783, 712, 900, 985, 510,  50, 467, 775, 955, 609, 997, 975, 204, 622,  13, 451, 619,  89, 741, 354,  82,  30, 182, 460, 494, 285, 992,1001, 236,
  95, 364, 444, 442, 681, 838, 705, 394, 707, 151, 506, 299, 583, 695, 738, 463, 745, 483, 480, 438,  21, 854, 164, 667, 372, 930, 551, 624, 415, 433,  10, 586,
 465, 101, 146, 766, 935, 201, 121, 765, 521, 933, 205, 142, 743, 402, 642,  67, 969, 115, 859, 594, 728,  69, 404,   4, 658, 333,1004, 447, 980, 932, 618, 718,
 672, 154, 458, 374, 762, 656, 155, 233,  55, 376, 722, 327, 706, 714, 808, 731, 185, 214, 617, 640, 296, 173, 797, 306, 237, 449, 247, 781, 835, 288, 111, 719,
 916, 773, 824, 393, 976,  94, 546, 582, 579, 130, 455, 620, 427, 961, 807, 347,  66, 118, 509, 665, 143, 711, 225, 596, 699, 791, 322,  70, 787,  32,  47, 862,
 417, 286, 988, 970, 660, 788, 864, 593,   8, 698,  28, 192, 297, 598, 291, 412, 703, 489,  45, 592, 131, 388, 844, 639, 938, 119, 815, 965, 939, 636, 232, 792,
 296, 167, 414, 213, 255, 806, 222, 209, 648, 977, 377, 400, 899, 994, 828, 860, 246, 561, 517, 962, 197, 189,  51, 914, 162, 805, 726,  25,  46, 364,  34, 590,
  91, 261, 806, 742, 488, 781,  59,  74, 114, 771, 410, 224, 152, 968, 348, 161, 869, 519, 430, 563, 757, 897, 628, 943, 380, 921, 873, 342, 526, 649, 383, 249,
  77, 517, 568, 356, 937, 333, 673, 358, 252, 777, 341, 708, 651, 452, 316, 689, 848,  86,  41, 502, 920, 221, 799, 116, 133, 753, 289, 284, 868, 782, 336, 188,
 648, 878, 313, 260, 291, 283, 786, 949,  11, 576, 106, 240, 235, 523, 350, 231, 585,  35, 958, 981, 448, 557, 411, 895, 198, 435,   5, 731, 362, 629, 929,  73,
 709, 272, 367, 556, 290, 416, 817, 346, 727, 477, 397, 124, 218, 387,  26, 202, 606, 352, 887,   6, 948, 793,1003,  56, 537,  84, 996,  62, 429, 215, 532, 712,
 518, 152,  36, 607, 971, 497, 893, 855, 674, 944,   7, 129, 228, 827, 310, 186, 511, 671, 837, 813, 934, 120, 196, 363, 207, 734, 241, 504, 979, 605, 481, 615,
 227, 325, 361, 710, 117, 399, 479, 321, 876, 716,   1, 740, 691,   0, 604, 803, 634, 631, 320, 828, 853, 798, 587, 831, 759, 570, 761, 540, 484, 767,  18, 998,
 137, 885, 132, 889, 554, 621, 210, 924, 208, 278, 952, 804, 881, 715,  23, 548, 730, 495, 626, 825,  78,  54, 216, 475, 577, 555, 128, 645,   9, 845, 923, 144,
 729, 957, 213, 730, 784, 216,  85,  78, 645, 128, 555, 577, 144, 923, 845,   9, 409, 132, 975, 137, 919, 210, 237, 554, 804, 952, 278, 208, 152,  23, 715, 881,
 543, 626, 631, 634, 831, 587, 798, 853, 540, 761, 570, 759, 998,  18, 767, 484, 710, 361, 325, 227, 321, 479, 399, 117, 740,   1, 716, 876, 803, 604,   0, 691,
 813, 837, 671, 511, 363, 196, 120, 934, 504, 241, 734, 207, 615, 481, 605, 979, 607,  36, 459, 518, 855,1000, 497, 971, 129,   7, 944, 674, 186, 310, 827, 228,
 941, 887, 352, 606, 789, 369, 793, 948,  62, 996,  84, 537, 712, 532, 215, 429,   6, 367, 272, 556, 346, 817, 416, 290, 124, 397, 477, 727, 202,  26, 387, 218,
 733, 958, 891, 585, 337, 411, 883, 448, 731,   5, 435, 198,  73, 929, 629, 362, 215, 313, 217, 603, 992, 786, 941,  48, 240, 106, 576,  11, 231, 350, 523, 235,
 502,  41,1001, 848, 116, 799, 221, 920, 284, 289, 753, 509, 188, 336, 782, 868, 356, 568,  58, 841, 358, 673, 264, 301, 708, 341, 777, 252, 689, 316, 452, 651,
 563, 430, 519, 869, 943, 628, 897, 757, 342, 873, 921, 380, 249, 383, 649, 526, 742, 806,  43, 257,  74,  59, 684, 220, 224, 410, 771, 114, 161, 348, 968,1002,
 962, 517, 561, 246,  56,  51, 189, 197,  25, 726, 805, 133, 590,  34, 364,  46, 213, 414, 919, 778, 209, 222, 525, 160, 400, 377, 977, 648, 860, 828, 994, 194,
 494, 592, 489, 703, 639, 844, 388, 131, 965, 815, 119, 938, 792, 232, 636, 939, 970, 988, 286, 417, 593, 864, 788, 660, 192,  28, 698,   8, 412, 291, 331, 297,
 665, 320, 118,  66, 596, 225, 711, 143,  70, 322, 791, 699, 862,  47,  32, 787, 393, 824, 773, 916, 582, 546,  94, 976, 620, 455, 130, 579, 347, 807, 961, 427,
 640, 617, 214, 185, 306, 797, 173, 296, 781, 345, 449, 237, 719, 111, 288, 835, 374, 458, 154, 672, 233, 155, 656, 762, 327, 722, 376,  55, 366, 808, 714, 706,
 594, 859, 115, 969,   4, 404,  69, 728, 447,1004, 333, 658, 718, 618, 932, 980, 766, 146, 101, 709, 765, 121, 201, 935, 324, 205, 933, 521,  67, 642, 402, 743,
 438, 480, 483, 745, 667, 164, 854,  21, 624, 551, 930, 372, 586,  10, 433, 415, 442, 444, 254, 638, 394, 705, 138, 901, 299, 506, 695, 707, 463, 738, 598, 583,
 619, 451,  13, 622,  82, 354, 741,  89, 494, 460, 182,  30, 236, 122, 992, 285, 783, 251, 580, 925, 510, 985, 608, 879, 955, 775, 467,  50, 204, 975, 997, 609,
 244, 134, 423, 478, 602, 110, 692, 936, 309, 247, 211, 378, 465, 652, 840, 611, 491, 838,  88, 647, 300, 328, 535, 485, 882, 112, 151, 947, 891, 569, 646, 501,
 754,  99, 281, 515, 819, 454,   3, 903, 255, 644, 650, 907, 437, 613, 950, 584, 989, 470, 564, 630, 922, 385, 159, 675, 365, 441, 627, 398,  53, 256, 898,  61,
 410, 277, 520, 785, 883, 571,  88, 326, 750, 102, 685,  60, 713, 126, 549, 931, 421, 794, 223, 796,  98, 826, 474, 597, 890, 500, 747, 847, 993, 472, 635,  31,
 408, 842, 543, 966, 770, 669, 270, 513, 567, 877, 559, 720, 697, 625, 547, 780, 914, 319, 514, 259, 982, 967, 851, 756,1002,  20, 666,  68, 856, 928, 426, 664,
 861, 305, 413, 846, 135, 632, 906, 723, 295, 736, 353, 614,  71, 506, 147,  42,  40, 169, 152, 271,  52, 863, 572, 303, 230, 318, 181, 422, 274, 261, 109, 633,
 776, 206, 529, 867, 386, 419,  79, 544, 273, 176, 595, 533, 103, 599, 203,  33, 355,  95, 263, 212, 681, 755, 392, 905, 760, 294,  99, 503, 508, 654, 490, 984,
 886, 953, 550, 553, 849, 343, 964,  77, 439, 610, 866, 125, 833, 482,  38, 732,  80, 351, 735,  87,  72, 162, 768, 812, 816, 534, 108, 566, 283,   2, 524,  91,
 200, 779, 670, 878,  22, 243, 758, 694, 177, 888, 390, 239, 616, 990, 473, 443, 663, 733, 875,  27, 464, 172, 749, 641, 910,  17, 832, 983, 884, 323, 507, 823,
 105, 972, 248, 157, 178, 818,  96, 541, 136, 653, 238, 304, 298, 542,  29, 381, 275, 589, 100, 268, 434, 395, 253, 371, 926, 872, 445, 677, 276, 418, 308, 312,
 591, 558, 852, 748, 581, 148, 324, 217, 680, 360, 945, 113, 959, 331, 226, 528, 170, 661, 382, 721, 911, 123, 573, 724, 403, 379, 345, 702, 163, 314, 978, 908,
 175, 909, 168, 956, 335, 466, 107, 512, 963, 918, 405, 530, 194, 601, 279, 339, 184, 682, 545, 153, 292, 389, 165, 725, 696,1001, 898, 643, 359, 870, 896, 234,
 190, 655, 830, 160, 821, 104, 505, 913,  65, 492, 752, 693, 187, 739, 946, 199, 717, 487,  39, 266, 686, 623, 191, 468, 140,  19, 219, 834, 340,  90, 179,  16,
  92, 122, 850, 612, 287, 174, 999, 600, 751, 811, 764, 258, 700, 242, 991, 141, 683, 453, 338, 810, 987,  63, 457, 469, 974, 892, 522, 552, 471,  93, 122, 193,
 409, 843, 183, 737, 915,  75,  76, 375, 149,  83,  15,1003, 814, 894, 679, 575, 565, 446, 986,  12, 822, 276,  86, 657, 142, 420,  64, 769, 425, 156, 462, 871,
 330, 899, 334, 774, 951, 746, 729,  24, 498, 538, 486, 588, 801, 391, 401, 139,  44, 690,  57, 744,  81, 307, 180, 941, 428, 499, 344, 265, 329, 668, 676, 150,
 800, 459, 269,1000, 476, 516, 158, 902, 829, 496,  49, 450, 493, 940, 880, 166, 917, 995, 250, 357, 171, 396, 772, 704, 562, 574, 973, 317, 440, 384, 802, 954,
 927, 531, 836, 229, 262, 701, 407, 527, 282, 280, 578, 874, 937, 145, 324, 763, 461, 337, 662, 784, 678, 839, 495, 688, 302, 957,  97, 431, 820, 809, 195, 349,
 488, 167, 267, 560, 293, 373, 332, 406, 865, 659, 368, 245, 795, 893, 456, 942, 789, 424,  37, 311, 539, 904, 912, 857,  14, 536, 370, 687, 790, 436, 900, 637,
 185,  11, 988, 106, 386, 235, 231, 350, 899, 603, 260, 313, 190,  48, 949, 786, 435, 198, 731,   5, 629, 362,  73, 929,  35, 585, 981, 958, 557, 448, 895, 411,
 777, 818, 708, 341, 452, 651, 689, 316,  58, 841, 356, 568, 264, 301, 358, 673, 753, 252, 284, 289, 782, 868, 188, 336, 276, 848, 502,  41, 221, 920, 116, 799,
 771, 114, 224, 410, 968, 530, 161, 348,  43, 257, 742, 806, 684, 220,  74,  59, 921, 380, 342, 873, 649, 526, 249, 383, 519, 869, 563, 430, 897, 757, 943, 628,
 977, 648, 400, 377, 994, 194, 860, 828, 919,  99, 213, 414, 525, 778, 209, 222, 805, 133,  25, 726, 364,  46, 590,  34, 561, 246, 962, 517, 189, 197, 941,  51,
 278, 208, 804, 952, 715, 881, 548,  23, 885, 137, 889, 132, 621, 554, 924, 210, 555, 577, 645, 128, 845,   9, 144, 923,1003, 730, 825, 509,  54,  78, 475, 216,
 716, 876, 740,   1,   0, 691, 803, 604, 325, 227, 710, 361, 399, 117, 321, 479, 570, 759, 540, 761, 767, 484, 998,  18, 631, 634,  52, 320, 798, 853, 831, 587,
 944, 674, 129,   7, 827, 228, 186, 310, 152, 518, 607,  36, 497, 971, 855, 340, 734, 207, 504, 241, 605, 979, 615, 481, 671, 511, 813, 837, 120, 934, 363, 196,
 477, 727, 124, 397, 387, 218, 202,  26, 272, 556, 941, 367, 416, 290, 346, 817,  84, 537,  62, 996, 215, 429, 712,1000, 352, 606,   6, 887, 793, 948,  56, 369,
 695, 707, 299, 506, 488, 583, 463, 738, 254, 638, 442, 444, 138, 901, 394, 705, 930, 372, 624, 551, 433, 415, 586,  10, 483, 745, 438, 480, 854,  21, 667, 164,
 467,  50, 955, 775, 997, 609, 204, 975, 580, 925, 783, 251, 608, 879, 510, 985, 182,  30, 494, 460, 992, 285, 236, 122,  13, 622, 619, 451, 741,  89,  82, 354,
 151, 947, 882, 112, 646, 501, 891, 569,  88, 647, 491, 838, 535, 485, 300, 328, 211, 378, 309, 441, 840, 611, 465, 652, 423, 478, 244, 134, 692, 936, 602, 110,
 627, 398, 365,1001, 324,  61,  53, 256, 564, 630, 989, 470, 159, 675, 922, 385, 650, 907, 255, 644, 950, 584, 437, 613, 281, 515, 754,1002,   3, 903, 819, 454,
 698,   8, 192,  28, 598, 297, 412, 291, 286, 417, 970, 988, 788, 660, 593, 864, 119, 938, 965, 815, 636, 939, 792, 232, 489, 703, 592,  45, 388, 131, 639, 844,
 130, 579, 620, 455, 961, 427, 347, 807, 773, 916, 393, 824,  94, 976, 582, 546, 791, 699,  70, 322,  32, 787, 862,  47, 118,  66, 665, 626, 711, 143, 596, 225,
 376,  55, 327, 722, 714, 706, 366, 808, 154, 672, 374, 458, 656, 762, 233, 155, 449, 237, 781, 247, 288, 835, 719, 111, 214, 185, 640, 617, 173, 296, 306, 797,
 933, 521, 142, 205, 402, 743,  67, 642, 101, 709, 766, 146, 201, 935, 765, 121, 333, 658, 447,1004, 932, 980, 718, 618, 115, 969, 594, 859,  69, 728,   4, 404,
 280, 566, 816, 534, 524,  91, 283,   2, 735,  87,  80, 351, 768, 812,  72, 162, 866, 125, 439, 610,  38, 732, 833, 482, 550, 553, 886, 953, 964,  77, 849, 343,
 832, 983, 910,  17, 507, 823, 884, 323, 875,  27, 663, 733, 749, 641, 464, 172, 390, 239, 177, 888, 473, 443, 616, 990, 670, 878, 200, 779, 758, 694,  22, 243,
 445, 677, 926, 872, 308, 312, 276, 418, 100, 268, 275, 589, 253, 371, 434, 395, 238, 304, 136, 653,  29, 381, 298, 542, 248, 157, 105, 972,  96, 541, 178, 818,
 303, 702, 403, 379, 978, 908, 163, 314, 382, 721, 170, 661, 573, 724, 911, 123, 945, 113, 680, 360, 226, 528, 959, 331, 852, 748, 591, 558, 893, 217, 581, 148,
 747, 847, 890, 500, 635,  31, 993, 472, 223, 796, 421, 794, 474, 597,  98, 366, 685,  60, 750, 102, 549, 931, 713, 126, 520, 785, 960, 277,  52, 326, 883, 571,
 666,  68, 718,  20, 426, 664, 856, 928, 514, 259, 914, 319, 851, 756, 982, 967, 559, 720, 567, 877, 547, 780, 697, 625, 543, 966, 408, 842, 270, 513, 770, 669,
 181, 422, 230, 318, 109, 633, 274, 261, 831, 271,  40, 169, 572, 303, 898, 863, 353, 614, 295, 736, 147,  42,  71, 259, 413, 846, 861, 305, 906, 723, 135, 632,
 770, 503, 760, 294, 490, 984, 508, 654, 263, 212, 355,  95, 392, 905, 681, 755, 595, 533, 273, 176, 203,  33, 103, 599, 529, 867, 776, 206,  79, 544, 386, 419,
 108, 265, 428, 499, 676, 150, 329, 668,  57, 744,  44, 690, 180, 941,  81, 307, 486, 588, 498, 538, 401, 139, 801, 391, 334, 774, 330, 899, 729,  24, 951, 746,
 973, 317, 562, 574, 802, 954, 440, 384, 250, 357, 917, 995, 772, 704, 171, 396,  49, 450, 829, 496, 880, 166, 493, 940, 269, 902, 800, 459, 158, 898, 476, 516,
  97, 431, 302, 957, 195, 349, 820, 809, 662, 784, 461, 337, 495, 688, 678, 839, 578, 874, 282, 280,1003, 763, 937, 145, 836, 229, 927, 531, 407, 527, 262, 701,
 370, 687,  14, 536, 900, 637, 790, 436,  37, 311, 789, 424, 912, 857, 539, 904, 368, 245, 865, 659, 456, 942, 795, 345, 267, 560, 488, 167, 332, 406, 293, 373,
 344, 643, 696, 858, 896, 234, 359, 870, 545, 153, 184, 682, 165, 725, 292, 389, 405, 530, 963, 918, 279, 339,  85, 601, 168, 956, 175, 909, 107, 512, 335, 466,
 219, 834, 140,  19, 179,  16, 340,  90,  39, 266, 717, 487, 191, 468, 686, 623, 752, 693,  65, 492, 946, 199, 187, 739, 830, 160, 190, 655, 505, 913, 821, 104,
 522, 552, 974, 892,1001, 193, 471,  93, 338, 810, 683, 453, 457, 469, 987,  63, 764, 258, 751, 811, 991, 141, 700, 242, 850, 612,  92,  52, 999, 600, 287, 174,
  64, 769,1002, 420, 462, 871, 425, 156, 986,  12, 565, 446,  86, 657, 822, 826,  15, 127, 149,  83, 679, 575, 814, 894, 183, 737, 409, 843,  76, 375, 915,  75,
  83, 149, 864,  15, 894, 814, 575, 679, 941, 409, 737, 183,  75, 915, 375,  76, 420, 388, 769,  64, 156, 425, 871, 462, 446, 565,  12, 986, 548, 822, 657,  86,
 811, 751, 258, 764, 242, 700, 141, 991, 843,  92, 612, 850, 174, 287, 600, 999, 892, 974, 552, 522,  93, 471, 193,1003, 453, 683, 810, 338,  63, 987, 469, 457,
 492,  65, 693, 752, 739, 187, 199, 946, 655, 190, 160, 830, 104, 821, 913, 505,  19, 140, 834, 219,  90, 340,  16, 179, 487, 717, 266,  39, 623, 686, 468, 191,
 918, 963, 530, 405, 601,  85, 339, 279, 909, 175, 956, 168, 466, 335, 512, 107,1001, 696, 643, 898, 870, 359, 234, 896, 682, 184, 153, 545, 389, 292, 725, 165,
 659, 865, 245, 368,   1, 795, 942, 456, 167, 488, 560, 267, 373, 293, 406, 332, 536,  14, 687, 370, 436, 790, 637, 900, 424, 789, 311,  37, 904, 539, 857, 912,
 280, 282, 874, 276, 145, 937, 763, 578, 531, 927, 229, 836, 701, 262, 527, 407, 957, 302, 431,  97, 809, 820, 349, 195, 337, 461, 784, 662, 839, 678, 688, 495,
 496, 829, 450,  49, 940, 493, 166, 880, 459, 800, 902, 269, 516, 476,  52, 158, 574, 562, 317, 973, 384, 440, 954, 802, 995, 917, 357, 250, 396, 171, 704, 772,
 538, 498, 588, 486, 391, 801, 139, 401, 899, 330, 774, 334, 746, 951,  24, 729, 499, 428, 265, 344, 668, 329, 150, 676, 690,  44, 744,  57, 307,  81, 858, 180,
 176,  45, 533, 595, 599, 103,  33, 203, 206, 776, 867, 529, 419, 386, 544,  79, 294, 760, 503,  99, 654, 508, 984, 490,  95, 355, 212, 263, 755, 681, 905, 392,
 736, 295, 614, 353,1002,  71,  42, 147, 305, 861, 846, 413, 632, 135, 723, 906, 318, 230, 422, 181, 261, 274, 633, 109, 169,  40, 271, 152, 863, 509, 303, 572,
 877, 567, 720, 559, 625, 697, 780, 547, 842, 408, 966, 543, 669, 770, 513, 270,  20, 273,  68, 666, 928, 856, 664, 426, 319, 914, 259, 514, 967, 982, 756, 851,
 102, 750,  60, 685, 126, 713, 931, 549, 277, 960, 785, 520, 571, 883, 326, 893, 500, 890, 847, 747, 472, 993,  31, 635, 794, 421, 796, 223, 826,  98, 597, 474,
 360, 680, 113, 945, 331, 959, 528, 226, 558, 591, 748, 852, 148, 581, 217, 240, 379, 403, 702, 345, 314, 163, 908, 978, 661, 170, 721, 382, 123, 911, 724, 573,
 653, 136, 304, 238, 542, 298, 381,  29, 972, 105, 157, 248, 818, 178, 541,  96, 872, 926, 677, 445, 418,  52, 312, 308, 589, 275, 268, 100, 395, 434, 371, 253,
 888, 177, 239, 390, 990, 616, 443, 473, 779, 200, 878, 670, 243,  22, 694, 758,  17, 910, 983, 832, 323, 884, 823, 507, 733, 663,  27, 875, 172, 464, 641, 749,
 610, 439, 125, 866, 482, 833, 732,  38, 953, 886, 553, 550, 343, 849,  77, 964, 534, 816, 566, 108,   2, 283,  91, 524, 351,  80,  87, 735, 162,  72, 812, 768,
 960, 447, 658, 333, 618, 718, 980, 932, 859, 594, 969, 115, 404,   4, 728,  69, 205, 142, 521, 933, 642,  67, 743, 402, 146, 766, 709, 101, 121, 765, 935, 201,
 247, 781, 237, 449, 111, 719, 835, 288, 617, 640, 185, 214, 797, 306, 296, 173, 722, 327,  55, 376, 808, 366, 706, 714, 458, 374, 672, 154, 155, 233, 762, 656,
 322,  70, 699, 791,  47, 862, 787,  32, 509, 665,  66, 118, 225, 596, 143, 711, 455, 620, 579, 130, 807, 347, 427, 961, 824, 393, 916, 773, 546, 582, 976,  94,
 815, 965, 938, 119, 232, 792, 939, 636,  45, 592, 703, 489, 844, 639, 131, 388,  28, 192,   8, 698, 291, 412, 297, 598, 988, 970, 417, 286, 864, 593, 660, 788,
 644, 255, 907, 650, 613, 437, 584, 950,  99, 754, 515, 281, 454, 819, 903,   3,1004, 365, 398, 627, 256,  53,  61, 324, 470, 989, 630, 564, 385, 922, 675, 159,
 441, 309, 378, 211, 652, 465, 611, 840, 134, 244, 478, 423, 110, 602, 936, 692, 112, 882, 947, 151, 569, 891, 501, 646, 838, 491, 647,  88, 328, 300, 485, 535,
 460, 494,  30, 182, 122, 236, 285, 992, 451, 619, 622,  13, 354,  82,  89, 741, 775, 955,  50, 467, 975, 204, 609, 997, 251, 783, 925, 580, 985, 510, 879, 608,
 551, 624, 372, 930,  10, 586, 415, 433, 480, 438, 745, 483, 164, 667,  21, 854, 506, 299, 707, 695, 738, 463, 583, 532, 444, 442, 638, 254, 705, 394, 901, 138,
 996,  62, 537,  84, 532, 712, 429, 215, 887,   6, 606, 352,  85,  56, 948, 793, 397, 124, 727, 477,  26, 202, 218, 387, 367, 858, 556, 272, 817, 346, 290, 416,
 241, 504, 207, 734, 481, 615, 979, 605, 837, 813, 511, 671, 196, 363, 934, 120,   7, 129, 674, 944, 310, 186, 228, 827,  36, 607, 518, 828,1000, 855, 971, 497,
 761, 540, 759, 570,  18, 998, 484, 767, 320,  52, 634, 631, 587, 831, 853, 798,   1, 740, 876, 716, 604, 803, 691,   0, 361, 710, 227, 325, 479, 321, 117, 399,
 128, 645, 577, 555, 923, 144,   9, 845, 626, 825, 730, 127, 216, 475,  78,  54, 952, 804, 208, 278,  23, 548, 881, 715, 132, 889, 137, 885, 210, 924, 554, 621,
 726,  25, 276, 805,  34, 590,  46, 364, 517, 962, 246, 561,  51,1002, 197, 189, 377, 400, 648, 977, 828, 860, 194, 994, 414, 213, 778, 919, 222, 209, 369, 525,
 873, 342, 380, 921, 383, 249, 526, 649, 430, 563, 869, 519, 628, 943, 757, 897, 410, 224, 114, 771, 348, 161, 152, 968, 806, 742, 257,  43,  59,  74, 220, 684,
 289, 284, 133, 753, 336, 188, 868, 782,  41, 502, 848, 893, 799, 116, 920, 221, 341, 708, 252, 777, 316, 689, 651, 452, 568, 356, 841,  58, 673, 358, 301, 264,
   5, 731, 198, 435, 929,  73, 362, 629, 958, 981, 585,  35, 411, 895, 448, 557, 106, 240,  11, 576, 350, 231, 235, 523, 313, 260, 603, 432, 786, 949,  48, 315
# End of WOM_finder solution for a <1005,1005>/14 code
