# WOM_finder solution for a <46,105>/9 code
#
# Sum rate = 1.359756
# The 512 symbols listed below are mapped to code words that are the binary representation of the 0-based index in the table.

  19,  13,  12,   7,  16,  31,  43,   2,  23,  22,   8,  29,  26,  40,  78,  65,  21,  32,   3,  27,   2,  15,  25,  67,  11,  71,  54,   4,  87,  10,  12,   9,
  27,  15,  29,  67,  18,  17,  58,  94,   1,  30,  73,  99,  47,  80,   5,  35,  39,  23,  30,  54,  86,   6,  37,  96,  71,  52,  76, 102,  18,  44,  98,  21,
  10,  28,  30,  78,  42,  36,  76,  95,   4,  27,  24,  85,   2,  81,  17,  77,  34,   7,  99,   9,  32,  56,  18,  47,  86,  43,  48,  49,  89,  97,  41,  74,
   6,  58,  43,  41,  28,  16,  92,  71,   3,  40, 104,  88,  23,  73,  25,  32,  42,  14,  16,  36,  40,  60,  84, 100,  28,  87,  10,  72,  79,  30, 103,  45,
  35,  14,  38,  43,  37,  27,  73,   4,  20,   1,   5,  67,  11,  90,  97,  56,  36,  34,   6, 102,  18,  87,  54,  57,  80,  81,  51,   3,  76,  60,  23,  28,
  40,  38,  13,  51,  74,  20,  36,  85,  58,  95,  65,  17,  64,  12,   3, 101,  49,  25,  12,  48,  92,  65,  11,  22,  46,  79,  66,   0,  43,  33,  15,  24,
  17,  91,  78,  23,  40,  48,  64,   6,  85,  42,  98,  34,  46, 104,  35,  84,  38,  77,  86,   8,   4,  52,  94,  93,  47,  88,   7,  50,  95,  78,  26,  62,
  76,  49,  20,  66,  31,  57,  91,   1,  44,  29,  37,  69,   9,  13,  14,  59,  96,  90,  89,  31,   5,  68,  55,  61,   8,  75,  39,  19,  82,  70,  63,  83,
   5,  33,  45,  87,   9,  74,  48,  19,  24,   6,  36,  98,  28,  23,  94,  82,  41,  86,  17,  52,  48,  18,  35,  60,  35,  63,  43,  13,  59,  61,  31,  14,
  25,  27,  70,  37,  97,  56,  62,  63,  97,  31,  44,  81,  78,  92,  93,   8,  58,  28,  59,  95,  83,  26,  75,  69,  96,  62,  79,  68,  36,  29,  34,  91,
   0,  22,  42,  67,  65,  24,  84,  75,   9,  83,  80,  70,  19,  88,  22,   0,  23,  89,  54,  12, 101,  49,  13, 102, 104,  76,  65,   5,   6,  66,   1,  20,
  14,  77,  24,  82,  95,  43,  40,  33,  12,  26,  61,  11,  48,  39,  50,  55,  47,  17,  78,   4,  15,   3,   7,  46,  93, 101,  57,  64,  85,  51,  90,  38,
  44,  71,  83,  90,  47,  72,  99,  25,  61,  48,  95,  46,  38,  57,  75,  30,  14,  82,  82,  85,  45,  64,  70,  39,  10,  55,  87,  40,  17, 103,  72,  16,
  71,  78,  23,  26,   2,   5,  66,  76,  45,  93,   6,  47,   4,   7,  49,  89,  13,   1,  74,   9,  19,  50,  88, 104,  20,  84,  32, 100,  73,  41,  77,  42,
  43,  63,  41,  45,  12,  32,  51,  79,  31,  36,   3,  15, 100,  21,  68,  96,  24,  59, 101,  73,   8,  11,  29,  44,  91,  25,  33,  92,  69,  37,  71,  58,
  62,  65,  28, 103,  72,  34,  87,  10,  16,  74,  60,  18, 102,  54,  52,  86,  30,  35,  21,  97,   0,  98,  81,  80,  22,  94,  56,   2,  67,  99,  27,  53
# End of WOM_finder solution for a <46,105>/9 code
