# WOM_finder solution for a <176,94>/10 code
#
# Sum rate = 1.401402
# The 1024 symbols listed below are mapped to code words that are the binary representation of the 0-based index in the table.

  35, 105,  80,  50, 126,  28, 157,  72,  19, 110, 151,  25,  13,  90, 129,  74,  97,  73,  58,  33, 103,  15,  56,  82, 120,  87, 121,  28,  29,  84,  50,  47,
 112, 108, 138, 162,  83,  98,  52,  27,  93,  22, 170,  87, 147,   7,  62,  34, 102,  89,   6,  62,  12,  57,  24,  36, 124,  85,  87,  81,  84,  38,   7,  58,
 123, 113, 155, 146, 128,   9,   8,  13, 111,   7,  45,  16, 117,  55,  37,  40, 127,  63, 115,   8,  64,  22,  50,  30, 118,  25,   7,  70,  21,  18,  78,  64,
 140,  77,   0,  38, 145,   2,   9,  85, 156,  88,  16,  50,  92,  19,  74,  20,  82,  39,  81,   5,  76,  47,  13,  86,  27,  93,  77,  45,  20,  54,  71,  32,
  17, 163, 139, 171, 143,  16, 136,  22,  47, 133, 153,  28,  41,  21,  68,  58, 131,  85,  66,  24, 114,  29,  50,   8,  79,  22,  46,  14,  12,  86,  36,  42,
  70,  39, 172,  50,  26,  64,   5,  16,  94,  73,   1,  79,  38,  77,  76,  12,  18,  33,  47,  57,  32,  74,  43,  76,  93,  41,  27,  65,  82,  13,  25,  55,
  61, 174,  60,  39, 158,  54,  68,  71, 164,  47,  86,  62,  25,  83,  92,  85,  55,  42,  75,   1,  41,  17,  62,  93,  53,  79,  18,   4,  84,   9,  57,  69,
   5,  22,  25,   9,   5,  27,  83,  14,  67,  70,  24,   2,   4,  65,  87,  90,  63,  92,  38,  44,  64,  45,  11,   7,  40,  78,  69,  19,  75,  37,  48,  23,
 165,  14, 141,  81,  95,  74, 166,  21,  91,  49, 101,  28,  54,  22,  47,  14, 106,  75,  24,  66,  68,  42,  74,  17, 109,  54,  32,  78,  40,  73,   0,  71,
 154,  76, 144,  22,  57,  83,  34,   7,  34,  58,  56,  35,  87,  63,  48,  15,   4,  30,  11,  82,   9,  48,  18,  77,  37,  64,  36,  13,  45,  43,  86,  39,
  40, 152,  92,  57, 142,  66,  32,   5, 119,  92,  81,  29,  37,  35,  83,  24,  30,  67,  38,  22,  27,  44,  26,  75,  17,  56,  25,  42,  85,   3,  43,  34,
 150,  83,  55,  93,  47,  62,   2,  73,  64,  67,  26,  21,  11,  82,  70,   1,  37,  75,  52,  14,  92,  16,  44,  25,  62,  87,  19,  46,   0,  81,  67,  80,
 148, 134,  84,  86, 122,  76,  52,  56, 137,   1,  89,  33,  63,  46,  20,   9,  11,  18,  64,  36,   6,  32,  27,  79,  76,  58,  82,  26,  65,  62,  35,  38,
   2,  17,  93,  47,  41,  52,  71,  26,  73,  85,   6,  40,  19,  72,  57,  44,  46,   9,  45,   0,  37,  54,  15,  63,  53,  16,  21,  29,  78,  66,  33,  61,
  23,  38,  20,  64, 151,  57,  29,  55,   2,  41,  65,  27,  74,  93,  11,  30,  13,   0,   5,  72,  86,   4,  21,  89,  47,  50,  39,  73,  70,  20,  72,  49,
  77,  13,   4,  90,  89,  79,  82,  12,  39,  32,   3,  66,  50,  84,  17,  10,   1,  52,  85,  53,  56,   8,   3,  88,  35,   6,  28,  91,  68,  60,  31,  59,
  69,  86,  42,  38,  31,  20, 169,  60,  43,  46,   1,  86,  44,  16,  82,  57, 159,  32, 132,   9, 161,  91,  20,  14,  27,  21,  24,  40,  74,  78,  46,  31,
  96, 100, 173,  24, 104,   7,   7,  71,  62,  66,  60,  72,  16,  49,  85,  48,  48,  79,  64,  18,  25,  22,  45,  54,  50,  59,   1,  42,  91,  17,  19,   3,
   3,  88,  36,   1,  37,  92,  25,  11,  67,  20,  93,  22,  62,  50,  27,  84,  59,  62,  24,  92,  75,  74,  19,  83,  92,  58,  20,  36,  86,  38,   5,   6,
  71,  32,  92,  64,  77,  59,  72,  30,  87,  85,  25,  14,  61,  76,  88,  28,  82,  31,  37,  17,  43,  42,  49,  10,  70,  13,  75,  44,  83,  72,  66,  89,
  99, 175, 125,  55, 130,  50,  74,  41,  53,  57,  70,  93,  27,  88,  65,  54,  78,  39,  38,  13,  18,  59,   9,  68,  25,  64,  85,  17,  10,   3,  71,  53,
 149,  81,  13,  44,  12,  11,  55,  46,  19,  62,  88,  31,  40,   9,  84,  91,  79,  49,  77,  12,  62,   1,  86,  80,  45,  63,  78,  11,   6,  87,  37,  67,
 167,  85,  70,  79,  17,  31,   4,   6,  64,  76,  21,   5,  38,  68,  60,  81,  76,  10,  80,  27,  66,  46,  61,  43,  65,  29,  33,  82,   1,   8,  32,  52,
  59,  16,  41,  60,  80,  93,  57,  33,  81,  58,  49,  63,  46,  29,  47,   0,  50,   4,  36,  90,  34,  21,  39,  35,  61,  30,  34,  15,   2,  26,  73,  56,
 168,  10, 160,  11,  65,  44,  17,  62, 116,  46,  85,  73,   6,  55,  26,  29, 135,  93,  57,  59,  10,  86,  48,  37,  39,   1,  62,  60,  88,  23,  84,  90,
 107,  56,  59,  37,  74,  31,  44,  69,   2,  77,  82,  39,  35,  32,  21,   8,  38,  73,  26,  16,  46,  13,  60,  50,  49,  47,   8,  88,  76,  27,  93,   4,
  21,  73,  86,   7,   9,  91,  71,  54,  40,  17,  35,  31,   3,  70,  59,  58,   3,  66,  56,  47,  82,  64,  36,  85,  78,  10,  55,  76,  90,  11,  63,  12,
   1,  30,  27,  49,  63,  23,  15,   6,  23,  19,   5,  61,  91,  69,  38,  53,  32,  45,   0,   2,   7,  55,  29,  65,  18,  57,   9,  68,  52,  33,  79,  41,
  51,  22,  29,  14,  72,  73,  23,  66,  67,  72,  59,  23,  56,  79,  80,  34,  55,  31,   6,  21,  57,  47,   1,  19,  81,  35,  41,   7,  43,   0,  28,   2,
  27,  38,  89,  32,  49,  82,  24,  68,  66,  65,  87,  52,  20,  25,  64,  75,  17,  42,  72,  20,  85,  69,  81,  70,  80,  89,  10,  83,  90,   5,  30,  92,
  92,   9,  33,  26,  19,  63,  46,  67,   4,  80,  50,  37,  89,  39,  13,  45,  93,  81,  60,  25,  83,  61,  91,  87,  88,  75,  69,  48,  44,  15,  16,  77,
  72,  11,  62,   3,  20,  48,  76,  78,  55,  86,   8,  43,   7,  36,  42,  18,  67,  34,  23,  84,  53,  28,  58,  40,  12,  71,  54,  74,  14,  24,  22,  51
# End of WOM_finder solution for <176,94>/10 code
