# WOM_finder solution for a <106,3000>/14 code
#
# Sum rate = 1.305619
# The 16384 symbols listed below are mapped to code words that are the binary representation of the 0-based index in the table.

  89,  15,  63,  64,  60,   2,  10,1267,   4,  99,  58,1251,   8,2797,2868,1089,  83,  16,  55, 882,   5,2412,2520, 887,  38, 383,1641, 442, 486,1694, 388, 608,
  77,  90,  96,2533,  70,2187,2736,1559,  22, 604, 427, 171, 542,2818,2925,2337,  48,2286,1530, 391,2742,2726,1519,2583,2352,2493,2328, 593,2820,1085,1650,2423,
  68,  25,  36, 139,  80,2245,1538,1292,  72,2719, 729,2776,2412,1517,1511,2842,  86,2138, 219, 900,1767,2004,2485,1317,1269,  25,2461,2503,2315,2405, 670, 870,
 101, 820,1499, 593, 519,1880,2702,1550,2263,2454,2349, 711,2323,2184, 112,2620,2255,2729,2488,2054, 233, 588, 499,1481, 312,2396,2607,1341,1556, 251,1409,1702,
  11,  42,  31,1938,  37,2929,   4, 420,  98,  19, 257,2544,1209, 508,1437, 326,  81, 181,1161, 326,2124,2285,1657, 469,1938,1216,1122,1662,2559,2521, 728,2547,
   3,  94, 715,1834,2762, 205,2289, 392,1073, 214,2999,2225,1648,2129,2266,1692,  75,1765, 769, 397,1107,1882,2737, 397,1359,1952, 822,2198, 265,1736,2629, 348,
  88,2998,1958,1552, 216,2236,1216, 927,2933, 113,2660,1577,2240, 122,1686,2056,2726,1155,1437, 396,1702,1526,2746,1781, 965,2430, 363, 592,2603, 788,2670,2610,
2625, 991, 592,2907,2787,2111,1340,1289, 326,2289, 676,1317, 374,1455, 305, 715,1539,2730,1612,2540, 654,1207,1552,2437,2213,2940,1998,2638,1440, 304,2105, 470,
  57,  12,  52,2443, 102, 770, 641,1527,   1,1482,1425,1351, 176,1517,2309,2825,  24,1803, 703,2533,1570,1237,1613, 579, 685, 994,1615,2441, 897,1670,2826,1339,
  62, 104,2557,2395,1492,1623,1885, 458, 345,2608,2376, 510,1619, 941,1456,1693, 212,1780,1217, 931,1647, 713,2538,1783,2523, 434,2018, 316,2777, 530,2063,1915,
  94,2881,1124,1513,1190, 413, 993,1801, 957,1859, 381,2506,1573, 316,2209,1647,2492,  26,1896, 150,1780,2768,2938,1295, 113,1372,2186, 747, 289,1969,2830, 321,
 128,2557,2609, 364,1562,1206, 229,2339, 345,2869,1887,2822, 284,2368,2443,2371, 900, 880,1558,2811, 118, 142, 597,   0, 754,1842,2174,2400, 317,2637,1768,  87,
  82,1342,2953,1736,2923,2558, 855, 331,2024,1740,2182,1424,1556,2759, 894,2419,1150,   1,1845,2969, 591,2914, 347,2283,2577, 475,1953,1840, 215, 912, 906,1362,
1115, 260,2456,1538,2990,1950, 999,2863,2777,2661,2909,1009, 410,1672,2354,1699,2756,2429,1897, 536,1053,1380,2763,1636,1910, 768, 651,1012,2686,2858,2916,1121,
 853,2300,1722,2218,1866,2237,2955, 484,  49, 424, 617, 924,2420,2973,1827,2187,2227,2660, 512,2841,2771,  60,2181,2468, 299, 175,2876,1813,1849,2008,1926, 949,
 329,1853,1126,1337, 769, 441,2910, 466,2488,1656, 739,2783,2190,1714,2725,2315,1556,2953, 452,2520,2580,2472, 559,2249, 893,2839, 486, 421,1867,2597,1029,1721,
 104,  39,  17,2562,  13,1192,2382,2081,  26,1562,  42,1441,2805,1941, 438, 492, 103,2681, 175,1096,2785,1871,1231, 261,1682,1939,1583, 811, 370,1858,2981,1882,
  76,2172,2717,1374,2805,1447, 520, 292,2011,1927, 941, 632,2908,1888,2593, 460,2253,1025,1260, 882, 225, 704, 333,1957,2005,2924, 794, 459,2544,2239, 256,1933,
  35,2485,1353,1192,2229, 317,2348, 759, 349,1189,1414,1808,2919,2007,1497,1320,1103, 760,2029, 123,2742,1483,2721, 951,2101, 854,1004,1164,2048,1689,1823, 626,
2865, 249, 517,1436,1768,2235, 260,1978,1326,  89,2566,1832,2555,1588,1372,2705,1412,1178, 618, 362,1077,1683,2581,2676,2410, 327,2615, 328, 515,2592,2267,2603,
  23, 559,1761,2324,1918,1257, 930,2621,2219,2027, 617,1516,1842, 730,1049,1228,2676,2756,1599, 779,2560, 991,  24, 817,2137,1057, 319,1981,2591,1355,1809, 781,
1926,2387, 276,2119, 185,2104,1274,2901, 979,1691,2977,1551,1611,2522,1886,2486, 996,1825, 380, 136,2138,2128,2286,1247, 890,1532,2515, 990,2310,1117,2220,2915,
 678,1778,2479,1505, 892,1601, 169,1279,2456,  68, 301, 493,2736,  67,1312,1675,2159,1778, 550,2104, 979, 218, 178,1033,1479, 790, 580,2696, 935,1071,1880, 195,
1917,1772,2956,2332,1121,2335,2932,2771,2354,2646,2307, 532,1521,2821,1308, 672, 776, 814,1251, 388, 188, 402,1500, 908,2272,2426, 740,   8,2824,2122,1609, 479,
  79, 757,2046,1393,1399,1315,1669,2836,2132,2775, 123,1726,1604,1223,1850,2787,2370,1891,2137, 641, 871, 348, 265,1503, 272,1081, 104,2809,2338,1782,1987,1563,
2560,2709, 435,2729,2577,2723,2542,1185,1912,1634, 118, 205,1546, 700,2625, 578, 537,2317, 808,2068,2959,1424, 663,2073,1629,1869,2405,2159,2494,2887,1000,1040,
2908,2940,1616, 714,2847,  23, 475, 148, 923,2648, 508,2599, 741,1328,1899,1270, 380,2708,2924,1021,1421, 723,1255,2488, 660,2588,1699,2132,2146,1789, 337, 796,
 237,  41,2364,2950,2322,1158,1106,2565,2983,2798, 776, 898,1370,2523,2214,1285,2129,1435,1945,1013,1709,1145,2377,1049, 543,1676,2111,1310, 135, 318, 630,2457,
2162,2107,2108, 802,1193, 676,2173, 111, 188, 339, 970,2978,1669,1359,2267,2195, 724,2976,2951,1348,2360, 357,2277,2943,1135,1096,2142, 548,1506,1357,2353, 943,
 471,2353,1830, 992,  71, 995,2140,1181,2562,2856,1307,1339,1701, 915,2253,2251,2853,2347,1132, 684,1214,1174, 134,2414,1419,2070,1919,2375,2019,2202,1848,2755,
 821,1894,2892,2961,2022,2481,2786,1160,2325,2550,1180, 291, 390,1347,2053, 824,2903, 683, 702,2555, 797,1965, 284,  82, 285,1140,1161,2378,1742, 124,1368, 830,
1623,  21,1891, 273,2444,1905, 518, 767,2652,2241,1536,1240,1003,2188, 956, 878,2244,1072,2540,2585,2501,1582, 122,1231,1073, 963, 679,2446,2075,1199,1072,1074,
 105,  59,  21,2354,  19, 525,1372,1246,  65,2730,1394, 381, 206,2375, 484,1435,  18,1840,1805, 699,2712, 319, 114,1952,1033,1317,1567,1538, 893,2621, 483,1255,
  66, 537,  15, 128,2039,1461,1734,2663,1308,1952,2280, 911,1557,2764,2243, 434,1142,1505,1541,1198,2887,2071,  56,2000,1292,2807,1738,2919,2178,2745,2471, 829,
  69, 687, 772,1183, 338,2354,1017, 384,2798, 279,2512,1065,2958,1465,1036, 519, 221, 947,2678,2654,2036,2591,1020,2492,2848, 752,1076,  24,1584,1042,2486,2805,
 834,1189, 103, 298,1161,1083,2063,2762, 409,1570,1844,1087,2953,2290,2390,2872,1437,1359, 172, 789, 450,1633,2142,2946,2886, 414,1723, 289, 234,1084,2332,1462,
  32,1253, 774,2278,1475,1040,2973, 224,2398, 368,1690, 794, 968,1673,1834, 445,2688,1926, 763,2088,1363,1494, 685, 921,  39, 973, 531,1256,1318,2250,2235,1979,
1141,2266,2255,2374,1818,2361,1332, 936, 915,  23,1800,2066, 336,1753,2244,1254, 469,  38,2024,2046,2982,2904,1111,2057,1847,1459,2647,2238,2032,2363,1014,1617,
 236, 479,2194,1734,2504,1138,1967,2347,1653,  38,  34,2633,1809,  71, 149, 835,2225, 436,1519,2107, 997,2527, 791,1095, 863,2582, 128, 668,2672,  42,2784, 891,
2190,  89,1028,  17,2775,2885, 145, 115,2494, 840, 177,2636, 220, 387, 888,1203, 138, 625, 241,2549,2920,2595,1958, 694,  32,1739, 750,2092, 727,1703,2675, 784,
  95,1047,1016,2473, 163,1791,1770,1582,1064,2798,2180,1071,2750, 693,2238,2422,2442,2194,2218,2793, 670, 155,2921,1246, 704, 354, 912,1388,1445,1765, 926,2199,
2521, 890, 794,1612,2268,1725, 596,2835,1675, 612,2830, 410,1504, 528,1085,2463, 368,2227,2620,2357,2574,2747,2327,1620, 225, 274, 296,  13, 428,1613, 797,1757,
   3, 513,1528,1274, 290,1707, 263,2497,1127,2284,2571,1416, 711,2140,1569,2535,2243,1328,2749,1447,2477,1510,2599,1604,1232,2605,2724,2276,1428,1053,2508,1446,
2672,1240,2615,1455,2909,1335, 669, 697,1616,2004,1129, 619, 170,2972,2445,2944,1992,2038,   6,1743,1795,1275,  74,2852,1611,1090, 798,2838,2923,1419,2183,1936,
 368,1986,2111,2893,2236, 508,1129, 288,1884,2694, 427, 572,1104,1342,2904,2212,  75,1663, 519,2018,1058,1893,1322,1713,1429,1746, 174,1583,2884,2908,1447,2240,
2553,2324, 967,2527,2389,2791, 584,2137, 779, 987,2952, 492, 192,  33, 306, 857,2752, 812,2602,2596,1679, 383,2898, 947,1567,1023,1878, 232, 582,1030,1130, 826,
2923,1992,2679, 426, 811,1430,2293,1265,1912,1658,2772, 570,1543,2326,1422,2372,1504,1565,2099, 705,2818,1964,2681, 432,2948, 682,2429, 217,2606,1472,2950,2467,
2994, 165, 504,1677,2424,1898, 264,1016, 657,2471,2934,2380, 101, 787,2965,1769,1775,1075,2382,1886, 140,2519,1334,2223,1037, 747,2854, 773, 545,1188,1260,2731,
  97,1273,2427, 647,2720, 668,1192,2711,1153, 994,1249,1365, 308,2785, 478, 393, 703, 618, 922,1584,2965,1586,1198,2280,2796,1430,1819,1503,2079,2622,2742,1027,
 626,  28,  68,1306,1261, 751,2937,2462,2585,1984, 320,1267,2052,2727,2378,2628,2565,1204,1468,2052, 453,2017, 513, 901,2387,1264,2217,2937, 454,1849,1651,1333,
 655,1092, 451, 812, 863, 788,2279,1534,1026,2300,1950,2849, 591,   3, 210,2911,1752,1952,2612,1872,1184, 154,1719,2203,2613,2958,2299, 734,2557, 468, 860,1993,
 740, 786,2677,2356, 924,2126, 373,2619,2145,1122,1914,2879,2169,1926,2278, 777,1282, 675,1986,1117,1059,1350,1037,1469,1357, 586, 102, 143,  78,2589,2374, 605,
2908, 152,1270,  51,1052,1064,1094,2810, 561,1000, 245,1062,1546,2186,1444, 588, 158,2080,2035,1705,1248,1767,1913,  19, 833,1506,2290,2724, 967, 661,1861, 107,
 150, 882,1040,2189, 771,1610, 165, 194,1017, 165,2400,1968,1892,1631, 702,2772,1078, 307,  46, 680,1205,2198, 682,1838,1370, 264, 579,2097,2729,1643, 477,2343,
1533, 922,1756,  39,2398,2320,1780,  75,   1,1025,1460,2870,1687,1035,2890, 499,1987,2714,1601, 629,2737, 120,2127, 895,1922,  33,1680,1038,2334, 689, 653,1664,
1505,  84, 342,1325,  68,2625, 595,1845,1897,2419, 506,1638,1917, 932, 865,2594,2901,1407,  72,2182, 257,1685, 925,1724, 495,1286, 137,2247,2161,2156,1787,2927,
 256,2545,2614,1644,2388,1818, 143,2351,2212,1512,1837,2842,1161,2694, 479,1501,2691,2302, 972, 212,2978, 603,2116,2939, 341,2530,1163, 290,2062,1437,2532,1418,
 707,1187, 760,1380,1314,1754, 928,2060, 592, 643,1805,  21,1829, 195,1133, 498,1319,2237, 804, 297,1990,2543, 351,2231,  79,2771,1600, 215,2897,1022,2041,2367,
2192,2305, 894,1381, 897,2735, 551,2956,1059,2137,1842, 600, 172,2626,1410, 239,  16, 532,1845, 376, 481,2382,2548,  45, 901, 204, 852,2989,1124,2900, 277, 252,
2180, 526,  61,2721,1467, 661,1657,1069,1635,1150, 939, 173,2362,2271,1700,2456, 116,1177, 914,2135, 395, 827,2781,2323,2215,1697,1694, 761,2662, 461,1634,1624,
1351,1289,2853,1411, 234,1749,2170, 959, 695,   6,2384,2323, 299,2593,2664, 678, 843,1819,1402,2733, 254,2721,2130,1656, 235, 317,1261,2660, 243,1662,1455,1661,
 220, 169,2151, 238,2119,1004,1091,1234,1562,1156,1659,1219,  41,1462, 699,2093, 446,1560, 788,2003,2498,2294, 547,1330,1046,2438,1823,2047,1392, 774,2395,1276,
1057, 687, 741,2835,1583,2990,2110, 768,  43,2291,1364, 464,2109, 999,2536,2518,1273, 182,2028, 365, 751, 567,2373,2469, 599,1654, 489,1895,2344,2559,1574,2434,
1618,1735, 989, 338,  94,1191,1994, 147,1651,1338, 348,1817,1919,1923,2259, 482, 406, 286, 514, 343,1673,1148,1816, 851, 975,  99,2044,1674,1168, 681,  52, 418,
  41,  50,  56,1722,  71,2049, 578,2795,  43,2434, 500,1090, 215,1026,1975, 993,   9,1629,2766,1994,2746,2618,2029, 617,1898, 746,1908, 167,2375, 987,1472,1055,
  28,2760,  80, 295, 670,2776,1289, 140,2512, 625,2397,2972, 653, 153, 272,1730,1028, 277,1342,  90,2189,1232,1295, 440, 153,2554, 187, 178,2362,1127,2953,  68,
 100,1494, 111,1416,2857,2078,1782, 311, 286, 669, 754,2583,2015,1067,1466,2161,1085,2950, 390,2516,2556,1975,1494,2146, 677,1521,2105, 486,1302,1181,2831,1848,
2349,2508, 807, 912,2093,2445,1499,1940,1816,1252, 393, 833,1468,2059,2376,2697, 693, 149,2340,1429,2107,2033, 245,1912, 258, 334, 216, 514,2384,2114,2086, 290,
  47,2906,2067,1535, 779,2623,1965,1743,2903, 519,2542,2688,1437, 179, 129,2675, 820, 118,1615, 240, 679,2106,2219,1328, 828,2136, 824,2271,2391,1545,1594, 296,
1591,  51, 103,  61,1116,1141, 535,2008, 137,1228, 213,1771,2891,1160,1096,1813,1801,2023,2721,1070, 851,1306,2496,1556,1573,1884,1245,2147, 777,1685, 787, 456,
2115,2395,1550,2170,2371, 920, 436, 221,1185,1980, 889,2287, 610,2519, 256,1394,1211,1266, 920,2550,1722,1002, 844,2937,2044,2200, 114,1896,1729,1731,1046,2780,
 594,2991,2228,1434,1108,2108, 224, 666, 746, 831,1892,1004,2062,1811,1654, 719, 491, 267, 528,2333, 893, 197,2245, 714,2119,2919,2295,2651,2180, 945, 753,1597,
  67, 402,2508,1846,1145,1164,1416,2730,2443, 313,2066, 126,2103, 380,2137, 396,1846,2078, 377,1087, 787,1356,2656,2758,2915,2598,1498,2959,2687,2257,2065,2431,
1313, 369,1174,1742,1491,2822, 449,2549,2572, 438,2077,1043,1399, 524,2665,1626,  16,2544,1109, 662,1875,1444, 522,1962, 776, 864,1981,1632, 843,1243,1234, 439,
1264,1724, 585,2475,2297,2579,2182,1486,2805,2040,1871,2138,2684,1387,2213,2678,2696,1882,1403,2253,1829,  20,   8,  91,1650,1248, 464, 449,2017,1916,1336, 219,
2737, 800,1085,1047,2576, 577, 375, 386,1249, 506, 541,2421,1183, 220,  38,2034,2210,1664,  46,1649, 474,1340, 667,2256, 374,1669,1111,1001,2754,2206,1705, 268,
2702, 658,2935, 690,2072,2765,2991,2947,1665,1355,  32,1099,2783, 120,2902,1212, 374, 319, 580, 681,2546,   9, 342,1518,1316,1309,1857, 692,2299,2101, 856, 568,
1281,1700,1724,2489,2764,2378, 517, 223,  98, 375, 590, 476,2833,2003,2742,1606,1254, 256,1447,2020,1750,2442,1011,1389,2024,2273,2195,2032,2215, 748,2566,2319,
1437, 251,1629,2279, 263, 214,1441, 168, 872, 895,2811,  40,2058,1429,2208, 154, 675,2239,1530, 265,1710, 796,1885,1414,1532, 808,2761,1830,1082, 405, 394,2590,
2513,2000, 696, 778,2995,2614,2364, 643, 852, 447,2823, 259,2515,2283,2883,2288,1167, 637,2807,1777,1484,2640,1982,1058,1110,1563,2509,2517, 715,  35,  12, 283,
  20,1898,1502,1801,2116, 876,  26, 829,2028, 258,  46,2083,2311,1977,1242,1238, 328,2552, 220,1611,2364, 898,2893,2121, 901,1873, 883,2782,1927,2647, 141, 806,
 196, 458,1842, 252, 588,1751,1985,1498,1830,1348,2918,2232,1445,1340,2236,1633,2242,1390,2805, 305,  17, 953, 461,1144,1853,1805, 786,2371,2808,1500,2412, 180,
1069,2521,1041, 826,2481,1931, 681,1232, 250,1608,1366,2753,2838,2731,2263, 698,2823,1051,2513, 752,  83,2486,1078, 762,2593,2579, 427, 451,2734, 969,1386,2407,
 973,2981, 441,1738,2367, 640,1005, 544, 590, 265, 354, 674,1480,1336,1447, 771,2359,1728, 708,1316, 101,1573, 447,1543,2181,1605, 548,2797, 763,  45,1244,1385,
1688,2658,2485,2081,1325,2773,1152, 423,2482,1539,1459, 435, 715,2192,1584,1405,1535, 361,2464, 156, 635,1296,1684,1976,1127,2905, 907,2703,1414,1557,  58,1725,
1318, 818, 763,1401,1010,1400,1819,1616,2074,2708,2511,1806, 571, 737,2257,1513,2333,1093,  22,1161,1896,1827,2989,2078, 181,1507, 185,1056, 475,2451, 225, 880,
1447,2572,2795,1840, 789,2929,1570,2273,1175,1052,1765,1023, 384, 608,2949,1504, 401, 804, 765,2873,2917,2113,2450,2281,2191,1367, 545,2614, 241,2218,2680, 270,
 913,  64,1411, 959,1754,2880,2471,1416, 134,1255,2423,2794,2030, 178,2746,1413,2723, 837,2569, 928,2648,1748, 819,2432,1542,2275,2524, 269,1824, 293,2088,2960,
1319, 108,1479,1675, 726,2470, 425, 235, 951,1551,2218,2485,2629,1427,1889,2885,2415,1541,2812,1613,2069,2370,1755,1515,2643,1781,1943,2211, 749, 199,1786,1349,
1858,1026,2406,2821,1833,2448,1969,2340,2459,  66,1635, 584, 795, 723, 338,1739,1124,2094,1879, 157,  51, 276,1228,2666, 410,2380,1305,1552,2487,1523, 745,1876,
1643,2170,1150,2467,2402, 231, 483,2186, 890,2322,1903,  13, 476, 937,1248, 392,1422,1771, 383,2669,1301, 778,1363,1475,1216,2050,2770, 488,1785,2265, 871,  18,
1660,2005,1523,2284,2647, 547,1203,2384, 565,2250,1443, 914,2497,1659,2452,2546,1812,2232,1815,2592, 793,1914,  33, 955,2793, 525,2715, 360,1672,1937,1159, 633,
2804,2433,2711,2664,2826,1206,1895, 500,2594, 507,1695,1820,2468, 164,2544,  20,1426, 201, 311,2343,2154,2424,1792,2964,1031,2672,1170,2015, 115,2570,   3, 183,
1232,2518,1564,2480, 216,1525,1087,2263,1261,2809,2656,1964,1585,1211,1298,2668, 493,1948,2455,  77,2499,2584,2572,1954, 318,1420, 150,1528,1944,2162,2361, 246,
1513,1598, 137,1878,2832,2252,2661, 885,1244, 685, 589,2591,2429,1874, 736,1644, 578,1956,1797, 472,2545,2209,2301, 766,1659,2574,1780,1139, 911,2298,2578,2158,
2161, 128,1142, 748, 568,2482,2571, 811,2407,1682,2396,1053,1794,1934, 166,   4,1719, 648, 442,2674,2485, 477,1451, 815,  31,1727,1641,2702, 957, 950,1547,2207,
  51,2127,2255, 206,1289, 822,2833,2100, 950,  19,2505,1132, 106,2388,2304, 432,1351,2073,1358,2446,1138,2812, 361,2849,1826,1116,1217,1275,1088, 666,1291, 639,
  55,1332,2731,2504,1441, 204, 838,2386,2518, 282, 703,  78,2540,2717,1216, 994,2345,1768, 793, 874,1408, 170,1944,1257,1880,  71,2283,2626,1585, 164, 946, 980,
2055,1085,2354,2740, 410,  28,1382,1180,1895,2332, 913, 150,  41,1987, 690,1129,2939,2823,1146, 478, 238,2418,1343, 537, 159,1967,2222,2984,2336, 538, 831,2220,
1413,1878,1153, 475,2461,2796,1253,1976, 175,2674,1374,2579,2617,1951,1526, 992,1781,1670,1487,2930, 855,2825, 314,1927, 350,1806,2319,   5, 152,2125, 768,2834,
2234,2608, 340,1746,1642,2172,1922,2306,2596, 254, 555,2185, 996, 603,1411, 528, 444, 695,1286,1051,1776,  85,2479,1639,2333,2416,2550, 263,2189,1621, 762,2954,
 877,1279,2318, 834,1471,2397, 770,1236,1802,1959,2437,1592,2488,1511,2571, 278,2056, 554,2938,2370,1373, 452,1308, 919,2662,2789,2593, 654,1319,2316,2506, 952,
 937,   3,1954,1700,1865,1602, 179,2165,1233, 771,2588,2183,1560,1544,2705,2978,1730,1984,1512,1021,2955,2487,2776,2814,1120, 162,1424,1850,2121,1888, 332, 587,
2826,1156,1929,2556, 912,2793, 904,1875,  56,2309,2827,2936, 435,1807, 317, 359,1832, 325,1000,2045, 841, 299, 686, 104, 879, 214,1942, 266, 933, 303, 677, 425,
2884,1770,2289, 567, 546,1867, 347,2884,2466,2295, 346,2488,1631, 812,1544,2119, 386, 851, 490,2315, 341,1167,1004,1206,  72, 433,2061,2360,2748,  65,  53,1089,
 351,1650, 901, 910, 823,1395,2528, 161,1130, 555, 163,1958,1345,1235, 683,1505, 827,2113,1105,2161, 844, 237, 236,2645, 830,2096,1311,1543,2143,1819,2837,1158,
 694, 861,2870, 326,2144, 870, 822, 550,2839, 161, 782,2647,2764,1705, 896,1327,1990,1303,  60,1209, 562,2381,1525,  84,2581,2387,1259,1079, 302,1495,2706,1307,
  97,2915,1053, 629,2531,1956,1479,2552,1471,1548, 144,1396, 967,2622,  81,1863,1986, 531, 135, 127, 326,2782,2435,2657, 186,2862,1991,2996,1151,2358, 440,2011,
2523, 813,1784,1933,2827,1646,2363, 663,1060, 514,1970, 248,  74,2460,2644, 845, 270, 393,2465,2197,2891, 131,1485,1611,2414,1841,1092,1486,1218,1118,1457,2877,
2446,1516,1615,  63,  69,1550,2792,1381,   1,1360, 509, 261, 413,1398,1559,  26, 444, 559,1566, 618, 887,  99,2667,1476,2230, 763, 190,1463, 310,1925,2175, 323,
1617, 958,2484,1313, 795,1823, 792, 521,1277, 801,1988,2098,  70,1489,2448,1696,2619, 212,2268, 133,1084,2313, 208,1774,1536,2872,2116, 622,2609,2752,  43,1688,
2093, 884,2569,2861,1675,2803, 315,1196, 382,1217,2492, 533,1524,1215,  91,2163, 511, 470,1996,1134, 890,  10,2630,1603, 539, 184, 502,1932, 109, 189, 810,1955,
1751,2633,1500,1133,1135, 769, 128,1813,1232,2375,2425,2681, 100, 847,2948,2686,1344,1837, 902,2438,1847,2921, 410,1395,2443, 460,2712,1104, 541,2411,2561, 685,
 369,1309,2735,1732,  25, 764,2738,2429,2676,2115,2574, 335,1893,2906,1154,2581, 949,2178,1799, 943, 758,1266,2271,1182, 359,2137, 273,1376,2110,1065,1591,1577,
 662,1155,2741, 431,2768,1424,1596,1713, 471,2568,1510,1022,1412,1868, 474,2129,1590, 997, 829,  63,1511, 581, 162, 598,2498,2160,2331,2368,1763,2291,2198,1263,
2596,2806, 105, 420, 594,2916,2202,2444,2401, 388,2750,2751, 342, 889,  92,1404,2920,2577,2658,2997,1268,2655, 191, 905,2685,2689,1470,2369,2875, 673,1048, 422,
1452,1005,1212, 327,2360,2750,1388,2919,2117, 575,2131,2467,2543,1268,2325,1571,2186, 584,1109,2792,1324,1185, 740,2364,1881,2534,1582, 510, 643,2642, 230, 866,
2992, 749, 802,2299,2798,1422,  32, 949, 650,1836,1883,1815,  11,1653, 827,1520,1095,1593,1545,1558,2357,  62,2070,2911,1314,2811, 637,2690,1365,2260,1473,2274,
2907,1669, 525,2361,1061, 103,1118,1706,1189,1012, 745,2496,2896, 233, 625,1371, 253, 906, 112, 848,2404,1966,1090, 349,1408,1353,2541,2440, 849,  93,1448,1106,
1378, 653, 249, 639,1716,2171,1864, 732,2315,1993,1745,1239,1920, 119, 843,2959,2408,1758,  50,1910, 200,2248, 155,1619,2406, 100,2140,1798,1779,2014,1114,2529,
 657, 620,1233, 717,1560, 205,2210,2107, 585,2560,2463,2998,2249,1402, 906,1168, 731,1159,2502,2551, 367,2399,1054,1935, 362,1069, 821, 345, 665, 879, 739,2878,
1680,2756,2737,1750,1123, 404,1460,2006, 132,1356,2539, 809,2165,  27, 986,1900, 331, 628,  66,2768, 229,1902,2320,2993,2157, 577,2692,2413,1658, 394,1493,2179,
1558,1121,1691,1537,2725,2898,2139,1376,1559,2540, 247, 198, 368,1554, 775,1492,  12, 361,2362,1809,  32,1796, 374,1193, 122,2845, 140, 399,1810,1142,2859,1213,
2831,2688,2973,1592,1315,  15,1765,2981, 841,1149, 659, 540, 554,2800,2957,2493,2871,   1,1023,1454, 799, 631, 613,1450, 770, 583, 756,1169,2479,1208,2453,2261,
2071, 642, 744,2802,1729,1760,1804, 219, 593,2205,2799,1003,1021, 495,2366, 867,2693,1175, 445,  89,1783,2204,1752, 814,1497, 707,1297,2767,2879,2296,2285,1080,
1255, 669,2932, 911,1975,2001,2845,  42,1393,2200,1344, 981,2597, 271, 791, 203, 309,2090, 604,2084,1246,2454,2868,1766,2132,1553,2587,2264, 714,1686,2653, 573,
2613,2697, 721,2065,1163,   2, 936,2067,1488,1358,2929,1165, 807,1838,1137, 159,1521,1329, 915, 404, 221,1131,2820,2342,1728, 750,2292,1081,2089, 202,1397,1974,
1379,2670,2126,2512,1532,1375,2695, 558,1620,2739,1733,1941,2303,1101,2233,1924,1285,2736,1347,2865,1008, 899, 222, 529,2742, 839, 371,1262,  36, 868,  76,1128,
  30,  27,  49, 889,  14,2722,2294,1365,   6,1257,2246,2884,2284, 866,1864, 702,  40,2485,1138, 420, 786,1009,  72,2879,2213,1829,2652,1863,2047, 545,1802,2983,
  53,1910,1669,1902, 141,2839, 241,1382,1685,2957,1517,  53, 210, 262,2618,2809,2785,2908,2878,  88,2490, 845, 816,2528,1251,1123,2683,1775,  23,2792,2370, 428,
   7, 698,1039, 222,1057, 645,1709,2991,2203,1521,2677,  93,1762,2373,1962,2164,2573,2934,2572, 434, 927,1153,2395, 507,2276,2056,1668, 230, 838,2282, 423,1427,
2451,1399,  71,2047, 981,2097,2678,2996,1017,2650,2577, 495, 452, 570, 792,2859,2928, 952,2824,2521,1634,1986,2587, 956,2904,1658, 610,1661,1832,2681,2344,2210,
  46, 138, 289, 153,1151,1633,1774, 765, 468,2065,  70,1602,2995,1958,2120,1980, 722,2109,2546, 525,1615, 807, 513,1313,1694,2834,2405, 126,1620,1312, 293, 387,
1384,2454, 248,1778,2679,2520, 483,2275,2834, 837, 915,2100, 302,2194, 167,1410, 509,1125,1375,1529,2953,2024, 877,1989, 370,2360,2760,  80,1542,2963,2616, 451,
2323, 730,2570,1465, 461,2955, 161,2807,2914, 749, 240, 272,2133,2268,1946,1499, 279,2789,  50,1339,2471,2665, 703,2762,2799,1887,1271,2443, 401, 873,1801,  56,
1384,1680,2664,1604,2974, 875, 311,1678, 829,2808,2418, 473, 309,2422, 257,1322,2251,2862,2240,1030,1406,1068,2059, 379,1025,2160,1622, 354,1485, 562,2888, 874,
  34,2813,1323,1574,2454,1156,1829,1594,2699, 792,2979,1978,1122,1966, 718,2204, 798, 143, 647, 302,2793,1603,1146,1552, 688,1150,2609,2558,   6, 554,1479,1881,
2253, 118, 464, 329,2317, 608,1866,1131,1530,1801,  77,2028,1560,1018,2245,2703,1701,2415,1208, 653,2750,2604, 119,1601, 694,2359,1729,2165,1614,2039,2127, 269,
1410,2332,1358,2904, 719,1375,2953,1377,  92, 524,2596,2333,1858,1175, 276,1777,  62, 528, 958, 278,1061,2929,2092, 521,1617, 510,1689,2502,1644,1056,1767, 134,
2120,1488,1920,1237,1617,1981,1748,2827,2995,2963, 579, 390,1695,2460,2794,2666,2696,1581,1638,1096,2671,1062, 270,2918,2007, 546,2002,2863,2567,2551, 794, 301,
1292,2080, 495,1353,2497, 694, 101,2538,2003,1324, 866, 440,2073,1638,1211,2784,1912, 166,1093,2993,  83,2295, 756, 538,2783, 182, 953,2897,2185,2087,1942,1059,
1468, 782,1323, 155, 872, 289, 341,2314, 229, 604,2982, 537,1870,1635, 162,1327,1253, 325,1252,2350,1050,2399,2799,1244,1026,1258,1770,1784,2201, 494,1731, 389,
 996,2820, 820,2277,2617,1171, 361,1316, 864,1994,2297,2447,2663,2572, 931,2083,2838,2110, 845,1957,1469, 644,1549, 635,2057,2750,2974,1222,2689, 123, 398,1810,
1240,1460, 515, 816,1957,1078,1178,1533,2267, 105,2573,2785,1256, 758, 623,2305,1272, 427,1321,1405, 599, 245, 721,1302, 243,2318, 481, 902, 752,2475,2483,2848,
  33,1339,2275,1620,2753,1306,1553,2205,1497,1043,2180,2031,1646, 300, 640,2209,2084,1721,1102,1752,2165, 310,2686, 166,2065,2645,1915,1684, 863,2612,2883,2189,
 937,2837,2267,1982,1554,2812,  50,1510,2477,1308, 945,2511,1393,2934, 243,1639,2023,2897,1830,1923, 319, 207,1013,1372,2492,1297, 414, 413,2947,1457,2846,2565,
 954,1594,1160, 605, 205,2870,1988,1127, 573,1802, 782,2313,2951, 637,2338, 542, 715,1165,1317, 697, 668,2791,2137, 935, 394,  94,1560,1064, 231, 813,2501, 585,
2406, 834,2078,2527,1844,1095,1344, 184,2112,1305,1602,1107, 933,2195,2780, 798,1708, 162, 510, 720,1682, 359,2972,1298,2204,2522,1151, 179,1859,1841,2118,2381,
 739,2345, 128,2898,2324,2733,1508,1569,2441,1358, 824,2382,1999,2797, 705,1360, 277,2794,1871,2902, 577, 238,1108,2040, 169,1864,1600,2397,2171, 756, 632,2383,
 261,1519,1977,1699, 861,1205, 832,2157,2813,1315, 677,2448,1047,1051,1207,2402,2398, 323, 202, 541,2556,2579,2114,1226, 191,1796,  73,1534,1149,2582, 598,2514,
 554,1027,2191, 452,  73,1508,1017,1170,1884,2802,1197, 174,2744,2823, 718, 375,2065, 781,1430, 244,2745,2423,2415, 856, 894,1632, 974,2190,2777, 647,2850, 611,
2546,1559,1535,1209,2274,1198,2866, 883,2127,1640,1200,1792,2221, 186,1369,2049,2714,2184,2626,1972,2835,2987,2530,2855,2457,2831,1693,2773,2936,1388, 582, 783,
 854, 220,1338, 625,1294,1006,2856,1916,2533, 491,1337,2145, 826,1586,1609,1295,1223,1795,1037, 866,  79, 986,1167, 920,2712,2373, 201,1192, 908, 974,2634, 452,
 700, 542,2302,1064,  82, 846, 250,1642, 603,1380, 717, 726,1868,1896,  16,2324,1935, 115,1386, 504, 871,2427, 888,2984,1571,1518, 472,2363,2417, 168,1289,2208,
1631,1199,2523, 945,1655,1392,2242, 648, 376,1917,2621,1767, 480,1288,1629, 973,2570, 486,1551,2916,2527,1379,1122,2030, 747,2178,1121,1343, 887,2569,2688,1593,
2243, 104,2633,1764,1591,2536,1490,1722,1554,1953,2588,1411,2020,1723, 942,1391,  60,2610, 664,1839,1584,1011, 247, 938,2806, 819, 520,1146,1590, 138, 991, 571,
1473, 587, 998,1448,1279,2620,2461, 160,2113,1975,2786, 267,1183,2181,1910,2357,1771,1137,1267,1107,2332, 185, 775, 280,2836,1962,2554,1803,1984, 320,1492,2141,
1880,2657,2850, 175,1286,2939,1202,1689,1238,1496,2344,2796,1135,1442, 442,2684,2941,  74,2619,1821,2809, 473,1478,1756, 703,1396, 476,2085,1498, 308,1329,1291,
1601, 492, 303,2897, 253,2340,2494, 415,1883,1066,2628,1710,2039, 386,1314,1471,2169, 842,2014, 211,2531,2957,2168, 324,1299,1785,1259,1566, 157,1626, 724,2778,
2266, 513,1567, 368,1070,  53,1103,2038,1952, 877,  83,1115,2401,2656,1847,1233, 194,2021,2425,2048,2147, 180, 656,1466,1283,2096,1665,1415,1034,2330, 984,1907,
  74, 937,1426,2839, 934,1373, 846,1634, 845,2285,1044,   2,1463,2746,1115,1304,  15,1661,1362,1137,2702,2836,2813,2318, 368,2827,1347,1440,1185,1241, 825, 256,
1492,2390,1912,1977,1340,2886, 684, 143,1375,  84, 417,1247,1402,2018,2542,2173,2102, 138,1926,2224,  97, 958,2268,1842, 292,1454, 517,2392,1389, 910, 280, 376,
   2, 292,2280,2274,2659,2339,2295,   6, 238,2585,1656, 802,1192,2001,1051,2197, 255,2094,2187,2499,1898, 454, 249,2642, 741,2214,1874,1975, 704, 459,1380,1575,
2422,1297,2295, 968, 589,1052,1933,2128,1237,2296,1248,2810,  40,2301,2534,1696,2286, 995, 994,1754, 767,1667,1003, 779,1099, 904,1586,1761, 939,2277, 734,2903,
1380,1340, 381, 543,1011,2917,2933, 830, 289, 124, 191,1776,1534,2067,2256, 885, 497,2918,2729,1350, 512,  77,2516, 424,2632,1105,1285,2452,2977,2659,2901,2034,
2534, 394,2655,1338,2463,1654, 753, 320, 941, 946,2642,1772,1064,1615,1740,2555,2466,1797,1857,1992,1873,1015,2823,2433, 820,1525,1669, 250,2840,1180,2427,2704,
2450,1351,2719,1046, 818, 541,2870,  88,1086,1392,1428,2431, 813,2426,1250, 951,1295, 215,2655,2139, 805,2270,2221,1650, 577,2765,2753,1938,1420,2013, 786, 667,
1660, 329,2081,2680,1006,1760, 800,1166, 630, 333,1856,  28, 327, 905, 821,1480,1309,2177,2966,1071,2925, 373,1653,1010,2152, 617,2825,1345, 631,2321, 340,2728,
1803, 883, 116,2946,2130,2082,1902,2405,1085,1203,1996,2237,2776,2043, 637,  66,2487,1448,2015,2307,1175, 197, 815, 493, 740,1585,1649,1747,2700,1499,1602, 990,
  16,1706,2812,2513,1048,2048,1371,2036,1179, 859,2637,1826,2289,1159,1421,2602,2041, 876, 362,1256,1166,1521,2465, 505, 311,1354,1736,  61,1170,2670,  95, 735,
 242, 540,2080,2162,1842, 657, 434,2923,2872,1549,1875,2669,1670,2154,1912,2232, 992,2784,1686,2661,1044, 397, 712, 435,1645, 132, 869,1057,2583,1426,1998,2560,
1512, 464,1697,2788,1661,2108,2761,1934,2094,1852,1794,  22, 937,2786,1753,2774,1461, 702, 488, 614,2703,2042,2733,1691,2891,1901,2943,1595,2398,2064,2404, 907,
 922,1874,1966,1876,1736,1853,2983,2147,1699, 562,1116,1704,2092,2077,2997, 819,2532,1196, 789,2202,1508,2770,1647,1494, 605,2652,2050,1408,2455, 112,1337,2650,
2231, 270, 308,1804,2022,1109,1403,2758, 525,  78,2316,2482, 898,2677,1278,2335,1263, 535,1487,1820,  67,2279, 707,1887,1790,2115, 409,2417, 947,2029, 314,2691,
2133,2228,1149, 753, 297, 690,1747,2624,1767, 859,1177,1154,1877, 909,1304, 444, 258, 671, 660, 187,2621,2474,2754,1179,2620,1612, 666, 260,  92,1825, 565,1627,
1848,1438,1443,1803, 127,1013,1871,1495,1032,2134,2846, 704,1265,1390, 384,1439,2095,1951, 206,2145, 749,1223,1060, 594,1972, 484,2480, 916, 419,1589,1928,2600,
2794,2695, 519, 506,2897,1542,2324,1056, 760,2127,1326, 679,2950,1083,2352,2697, 399,2917, 184,1028, 684,2397,2239,2214, 206,2464, 834,2929,2159,2564,2317, 218,
2119,1122,1351,1334, 812, 448,1874, 296,1850,1647,2464,1269,1290, 260,2645, 103, 270,2746,1561, 494,2136,2117,2443,1477,1239,2635,2680,2734,1316, 445,1676,1218,
1383,   0,1351,2121, 794,1519,1282, 291,2509,2395, 446,1108,1968,2999,1853,2641,1310,2309,2651,2254,1354, 896, 500, 174,1799,2143,2238,1207,2097, 273,2347,2952,
2405,2556,1729,  27,1614,2282, 492,1496, 857, 887, 686, 313, 692, 713,2524,1031, 389, 719,1531,1829,1834,1625,1821,1959,2474,2713,2250,2069,1405, 163, 693,  47,
 347, 142, 854,1925,2499,2505,2793,2215,2641,1174,1702, 102,2551, 217,2281,2643,1055,2424, 478, 438,2435, 508,1243,1164,1604,1349,2814,1969,2830,2033, 481,1361,
 267,1488,2616,1711,1317,2167,2877, 889, 769, 662,2885, 660,1073,2503,2782,1301, 149,1195,2249,2303,1876,1152, 662,2222,1900,2513,2949,1549,1356,2489,2491,1921,
1426,2837,2084, 934,1022,1694, 471,2099,1475,2770, 797,1112, 537,2892,1732, 828,2000, 726,1522,1283,1321, 595,2685,1623, 469, 795, 490, 844,2618,2386,2230,2701,
 588, 972,1965, 511,2906, 833,  58,1089,1781,2472, 439,1355,2940, 121,1136,1088,1647,1515, 533,1646,2337,2106,1630,2234,2826, 847,2764, 645,1737,1720,2393,1855,
 439,1099,1457,1504,1594, 139,1012,1531,2381,1148,1533, 456,1335,1861,2632,1570,2972,2348,2936,1472, 336, 987,1435,1885,2350,2216,1181,1751, 981,2740,2816,1366,
2333,2878,1739,2236,2396,1918,1151,1717,1111,1491, 199,1243, 268,1363,2871,2979, 919,2753,1092, 341,2555,1173,2659,1318,2451,2210,1827, 181,2580,1293, 892,2722,
2576,2265,2747,1834, 587, 744, 193,2411, 749, 758,1920,2607,2496,1296,2515, 512,1982, 776, 124,1224,2061,2751,1772,2428, 832,2720,1287, 872, 705, 228, 615,1908,
1463, 551, 160, 144, 617,1001,2057, 893,2031,2663,2986,1449,1522,1220,2521,2476,2627,1539,2791,  30,1287,1452,2074,  86,1189,1568, 322, 838, 575, 227, 593,1911,
 713,1755,2905,1761, 990, 701, 104,2689,1087,2623, 561,1931,2938,2687,1481,2869,2509,2301,2172,1250,1032,2402, 369, 549, 405, 385,2273, 855, 465, 450, 649,2458,
2646, 258,2947,1281,1299,2168,1112,1906,1469, 474,2833, 363, 346,1947,1882,2928,1811,1608, 468, 231,2311, 433,1587, 746, 142,2607, 154,2510,2604,1865,2968, 275,
1394, 764,2422,1782,2383, 566, 720, 555, 610,1605,2337,1573, 136,  46,  25,2037, 148,1569,2052,1300,2847,2710,1186,   7, 888, 708,1493,1433,2542, 574,1822, 411,
1216,1971,  95,2213,2336,1482,1930, 917,1062,1094, 607,2495,2391,2403,1814, 462,  23, 330,2144,2757,2304, 737, 757,2639,2072, 381,1648, 176, 400, 106,2586,2828,
  45, 726, 705, 399,2618,1396, 833,2569,2159, 763,1628, 157,1780,1130,1583, 786, 703,2180, 867,  87,1020, 610,1573,2920,1867,  14,1086,1680,1849, 877, 327,2372,
2556,1016,1341,1502, 446,  56,1489, 619,2842, 303,2054, 935,2240, 134,2752, 341,1051,1077, 840,1402,1614, 107, 648,2155,1052,2095,1733, 531, 444,2352,1970, 551,
 571,2958,1095,1548,2178,2734,2621,2953,2967,1707,1771, 362,2909, 436, 712, 948,1196,1210, 315,2901,2012, 114,2796,2558,2128, 975,2871, 588,1996, 248,2289, 641,
1968,1631,1038,1587,1231,2351, 592,1245,2257,1329,1272,2135,2841,2314,2225,2634, 833,2978,1846,2010, 415, 657,2290, 578, 751,2596,2242, 961,1535, 818, 235, 285,
1327,2052, 478,1243,2694, 965,1390, 665, 107, 784, 844, 929,1796,2961,2569, 146,2304,1219,2044,2986,2031, 698,1900, 670, 834,1049,2205,2995,1875,1968, 923,  64,
  79,1297, 458,2181,1479,2144, 958,1350, 161,2714, 386,1805,2117,2997, 552, 561,2410,1929,1212,1265, 821,2890, 859,  54,1379, 969,2520, 896,2761,2322,2297, 550,
1145,1188,1159, 863, 466, 960,2744,1015, 887,2840,1515,1591,1339,2061, 448, 744,1028,2400,2839, 543,1403, 700,  30,2390,2199,1107,2157, 276,1362,1334,1446,1701,
1131,2131,2832,1484, 146,2089,2887,1990,2430,1092, 304, 211,1530, 478,2052,1854,1140,1307, 603, 345,1241, 316, 722,2699,1273, 922,1014,1869,1734,1618, 369, 591,
2650,2469,1459, 693,1978,2638, 133,1087,1562,1361,2763,1965, 619,2023, 535,2806,1606,2615,2306, 186,2510,2788,1353,2543,2256,2336,2873,1880,  59, 539,1412, 769,
 445,1538,1355,2654,1670,1253, 165,2393,1160,2497, 471, 453,1751,2888, 731,2188, 596,2506,1409,1116, 128, 795,2698,2426,2425,1735,  81,2194,1836, 240,1667, 709,
 248,2320,2782,1218,1984,1706, 901,2667, 913,2416,1454, 882, 310,2905,2658,  39,1319, 806, 343,2458, 784,2930,2526,1529,2134,2679,1682, 601,2229,1491,1364,2775,
 489, 337,2965,2999,1284,1236, 759,  89, 870,1333,2375,2769, 959,2019,2136,1483,2118,2036,2738,1746, 278,2192, 972, 977,  42,1382, 332, 640,2113, 926,  48,1461,
 577,1130,1956,1662,2862,1231,2915,2548,1999, 459,2696, 119,2549,2895,   2,2415, 719,2776,1754,2977,1406,2534,2787,1868,1837, 636,2613, 904,1264,2287,1630, 177,
 506,1254, 110,1238, 491,1310, 460,2348,1678, 675,2138, 437,2635,2700, 300,1824,2372,1594,1022,1979,2797,1497, 589, 780,1510,2481, 224,1760,2081,2255,2027, 620,
 929, 751, 597,2235,1931,2941,2457,1332,2802,2236,1933, 152,2989,  51,2636,1799,1958,1613, 849,2866,2816, 942, 862,1370, 526,1298, 557,2749, 379,1730, 446,2709,
2879,2152, 402, 335, 692, 468,1065,2504, 846, 659, 812,2924,2708, 606,2516,1759, 802,1983, 608, 287, 396,2441,1903,2123,1668, 125,  34,1715,2464, 352,2882,2631,
1992, 594, 840,1281,2053,1028, 495,1811,1309,2973,2067,2683,1602,1377,1662, 149,2809,1812,  15,1894,2946,  39,2042,1367,2080, 144,2309,1054,2577,2442,1222, 378,
1826,2336, 346,2777,2433,2090, 927,1467,2217,1167, 951,1145,1076, 555,2430, 307, 385, 985, 891,1038,2710, 654,2739, 116,2868, 395, 805,2130,1994,1153, 398,2420,
1834,2208,2419, 855, 891,2612, 567, 141,2042,2231,1800,1945,1156,1795, 716,1512,1599,1419, 799,1953,2829,  48, 237,2747,2480,1668,1776,1640,2040,2054, 865,1833,
 535,1692,1950,1126, 699, 703, 208,2167,1546,2552, 835,1278,1172,2799, 358,2980,1863, 828,2946,1211, 393,2300, 524,1294,2526,1578,2466, 336, 321,2389, 853,2967,
2368,2463,1905,2133, 378,1345,1392, 370,1502,  65,1657,2356,1959,1258, 669,1832, 872, 453,1351, 980,1739,2253, 365, 860,2965,2139, 449,2483, 350, 306, 347,1967,
2404,2696, 312, 300,2021,2002,2624,1184,2278, 255,1983, 900,1625, 579,2005, 486, 540, 259, 366, 727, 420,1575,2550,2706,2177, 131, 390, 989,  38,2884,2713,2269,
1368,2290,2961, 886,1096, 230, 212,2212,2937,2222,1525,2921,1777,2587,2241,  97,2019,1075, 710,2060,  84,1856,1418,1445,2211,1506, 339,2627,  61, 650,1111,2176,
 641, 518, 683,1472, 459,2105,1036,1042,1552,2548,1866,2766,2538, 825,1162,1509, 435,2071,2473,1788,2087,2682, 706, 527, 234,2943,2102,2262,2849,2994,1698, 556,
1270,1997,2740,1714,2663,1434,2000,1263, 746,2041,1323,2068,2088,2075, 242,1468, 813,1816,1091,1129,1288, 443, 402,2436,1939, 511,2876,2830,1033,1272,1692,1844,
2694,1046, 228, 288,1005, 334,1383, 357,2792,2326, 466,1679,1621, 223,1186, 789,2921, 647,2608, 741,1971, 298,1359, 209,2766, 736, 925, 294, 820,2992,2818, 627,
2083, 274, 163, 671, 797,1507, 182,2413,1000, 635,1925,2079, 110,2748,2243, 586,2047, 156, 923,1141,2197,1409,1002,2601,2365, 457,2692, 695,1918, 344,1690,2889,
1579,1277,1441,2589,2630,2046,1870,1093,1083,1292,2790, 454,  72, 580, 822,2355,1888,2665,2386, 658, 996,1860,1922, 655,1840, 408,2327, 130,2896, 765,  85,1119,
 296,2244, 239, 172,2018,2492,2966,1826, 591, 623,2435,2038,1740,2280, 652,2726,1988,1271,  78, 927,1303,2182, 716, 590,1743, 934,2392,1637,2568,1191, 968, 954,
2285,1936,1581,2603, 919,2418,   6,1055,2633, 543,  75,1290,1786,2815,1561,2507, 302, 200,1726, 109, 924, 961, 204,1045,2508,1818,1113,2935, 353, 729,2500,2563,
2358,2829,  54,2858,1850, 333, 366,1251, 432,1898,2410,2505, 940, 502, 431, 281,2991, 932, 602,1312,2376,1652,1373, 563,2673,1977,1936,1399,2009,1985,2851,  37,
2420, 206,2035, 966,2860,1154,2359,1176,2226,2388,2193,1138, 356,2196,2899,2537, 544, 467, 870,2970,2409,1143,2439, 742,1978, 117,1904, 918,2224,2153, 624, 485,
2787, 239,1644, 871,2850,2619, 231, 503, 113,2698, 799, 859,1174,1460, 108,1120,2335,2795,1140, 986,2484,2225,  46,2180,2714, 924,2391,1734,1416, 515, 169,2864,
1132,1784, 340,1241, 708,  11,2679,  40,2572, 187,2815, 642,2072,1009, 922,2228,1774, 406, 520,  70, 636, 546,1579,2623,2201,1622,1135,1709, 881,2229,2004,1599,
2522,1490, 808,1172, 505,1320, 730, 790,2182,2971, 267,1783,  87,1764, 115,1635, 363,1187,  58, 250,2195,1234, 728,1314, 421,1152,1363,1066,1583,2193,1200,1438,
1813,1124,1133, 244, 331, 756, 601, 539,2293,1034,2110,1995,1935,2566,2162, 689,1181,1891,2638,1261,1852,2311,1643,1086,2533,1184,2098,1537,1657,2664,2104,1423,
1437,  74,1498,1816,1690,2805,1748,1393,1477,2969, 229,2880,2406,1232,1082, 328,1214,1644,2079, 792, 774,1568,1123, 572,1679,2028,2074, 730,2608,1711,1891,2595,
 929, 975,2073,2934,2369,  14,1687, 574,1148,1435,1125, 201,1656, 808,1987,1808,  90,1224,1150,2990,1629, 272,2377,2302,2111,2310,2300,1006,2312,2856, 726, 978,
2217,2256,2167, 232,1344,1538,1470,1659,1315,2720,1565,1387,2868, 443,2046,2975, 579, 509,1396,1323, 782,2020,1407,2676,1763,1007,1899, 817,2078,2723, 614,1400,
 407,1940,2939,2077,1195,2609, 970,1562,2252, 860,2944,1020,2763,2112,  79, 858,2174,1867,1026,  35,2452,1270, 638,2804, 723,1091, 377,2914,2366, 403,1024,1744,
2499, 902, 251,1078,2371,2693,1074,2012,1864,1418,2573, 185,2807,1684,2755,1914,2883,1703, 881, 800,1789,1839,2191,1877,1578,1879, 364,2539,1300,2109,1292,1950,
2993,1273,  41,1652, 469,1571, 136, 884,2641,2428,1029, 245,1503,2605,2874,2712,1636,2214,1908,1802,2419, 253, 291, 358,1188,  80,2875,2853, 437,1997,1707,1378,
1578,1805,1008,2567,1239,1252, 840,2278,2565,  50,1127,1033,  75,2530,1952,1210,1333,1201, 188,1341,2244, 137,2584,2148,1897, 993,1608,2063,2654,1616,1453,1432,
1319,1362,2961,1642,1942,2166,2926,2325, 277,   9,1406,1541, 493,1325, 426,2561, 177,2338, 306,1326,1742, 824, 349,1628, 508,1655, 691,2058,2203,1681,2976,1778,
 273,2445,2030,1098,1899,2367,2250,1596,2916,1389,2585, 651,2451,1395, 738, 207,2643,2035, 754,2852,1018, 687,1940,2459, 894,2951, 790,2648,1035,2611,2589,2174,
1696,2473,1584,2583,2270,1660, 113,1440,2617, 319, 538, 501,1998, 455,1465,1436, 126,2686,1475, 262, 632,2026,1190,1063,1481,2272,2276, 964, 438,2678,2962,1194,
 190,2511,2199, 367,2992,2159,1047,1352,1164,1610,2547, 670,2125, 171,  21, 312,2431,1467,1162,2629,2711,1913,1005,1546, 500, 609,1749,1100,2819,2982, 733,1738,
  62,1110,1593,1572,1600,2219,1027, 581, 416,2956,2239, 976,1102,1712,1708,  44, 205, 998,2913,1843,2060,1331, 129,  96, 854,2741, 688,1514,1961,2562,2779,1576,
1634,  16, 921,2533, 718, 809,  93,2557,2370,2615, 135,1383,  77, 101,1079,1202,2154,2940,2644, 309, 216, 592,1557, 496,1050,1757,2436,2887,2003, 862,2023,2925,
1683, 508, 536,1795,1598, 522,1790,1235, 284,1061,1871, 963,  74,1303,2907, 600,2726,2331, 607, 672,1230,1248,2164, 909,2549,1398,2860,1098,1588,2450, 861,2707,
 815,1158,1964, 417,2216,2138, 857, 941,1528, 410,2469,2086, 701,2307,2789,1775,1841, 873, 298,2687, 111,2122,1237, 864,  10,1205,1173,1889,2933,2437, 850, 646,
1487,2149,  69, 498,2100, 210,2185,2971,2421,  87,2890,1097,1209,1197,2251,1157,1279,2006, 503,2470, 676,  98,2346,1663,2022, 530,1916,2150,1580, 523, 772,1540,
 235,1413,1742,2909,1056, 383,1419,1201,2727, 286,2313,1249,2151,1374,1716,2490,1449,2523,1909,2725,1364, 439,2717, 898,1618, 279, 985, 711, 380,2599,2715, 823,
 926, 663, 673,1183,2155,2576,2284, 997,2541,1226,1320,2824, 188,2881, 755,1221,1722,2864,1605,2718, 678, 480,2010,1171,2841,1564, 897, 988,2120,1890,1425,2857,
1808, 696,1779,  90,1981,1695, 808, 457,1494,1704,2432,2462, 842,2254,2822,2108,2657,2124,1099, 931,1306,1076, 192,2103, 882, 938,1633,2671, 517, 785, 153,2931,
 644,2227,1328, 664, 351,2893,1155, 616, 805,1649, 569,2598, 801,2502,2394,1973, 423, 167,1645,2258,1770,2349,1741,2942, 717, 621,1773, 983,2329,2341,2308,1835,
2400, 970,1747,1011,1368,2032,1394,2259,2847,1070,2861,2365,2255, 236,1873,2266,2374, 407,1219, 120,1587, 441, 596, 282,2135,2732, 429, 863, 261, 977,2974, 971,
 313, 427,1948,1025, 507,1274,1360,2190, 710,1342,2564,2051,2142, 401,2832,1204,1894,2859,1872,1041,2765, 283,2987, 680, 412, 886,   0,2025,2998,2091,2985,1718,
1146,1846,1302,1999,2719, 536,2969,1077,1524, 325, 987,1768,2002, 727, 722,2817,2803,2653, 674,1253, 198,1859,2575,1456, 900, 145, 837, 372,1666,2345,2988,2716,
 875,2102,1881,2206,1420,1264,2844,1517,1797,2910,1067,1230,1527,1346,2895, 158,  59,1103,1324, 803, 534,  29,2385, 634,2461,2082, 982,1229,2744,1828,1147,2076,
 790,2408,2903, 354,1501,  22, 552,1019, 893, 948, 337,2328, 953,2651, 576, 355,1401,2682, 105,1858,2954,1943,1723,  49,2351, 391,1458,1280,2894, 226, 487,2801,
2681,1915, 553,1991,   8,2760,1043, 295,1036,1909, 436, 960,1311,2124,1431, 903,2780,2066,1257,1284,2016,2743,2649,1960,1905,1762,1384, 497,1851,2867, 430,1039,
2606, 458,2477, 414,2769,1963, 255,1793,2033,2173,2759,2553, 876,2055,1227, 564,2854,2528,2412,2945,2416,2525, 743,1555,1132, 196, 612,2843, 151,1831,2912,2449,
2698,2745, 869,1671, 139, 560,1417,1939,1677,2379,1068,  57,1464, 463,1862,1225,1800,1242, 725,2478, 213,1607,1474,1949, 836, 962, 516,  55,1791,2246,2922, 944,
  93,  84,  29,1041,  44, 532,2924,1340,  85,2541, 591,1239,1828,1131,2986,1325,  91, 386, 582,1156, 699,2675, 975,2523, 579,2799,1880,1493,1471, 931,2940,2588,
  87,2837,1137, 999,1916, 517,1492,1966,1808,2380,2477,2162,1990, 351,1025,  61,2323, 369,2642,1436,1677,2511,2458, 119,2566,2268, 907,1445, 584,2111, 172,2377,
   0,1759,1521,2852,2386,1270,2755,2124,2978,2060, 222, 456, 815, 349,2687,2399,1613, 752,   8,1629,1610,1546, 367,  78,2815, 413,2266,1841,1224, 438, 662, 309,
1359,2208,2994,1525, 882,2452,1464,2750,1239, 439,2189, 446, 567,1891, 726,1605,1808,2412,  95,1988, 218,1934,  75,1135,1874,2302, 866,1831,1457,  57,2879,1227,
  75,1185,1870,2965,1392,1591, 693, 468,1278, 459,1768,2072,2035, 859,1884,2562,1869,  51, 514,2230, 362, 133,1329,1517,2842,1036,1849,1610,1527,1011, 861,2243,
1378,1468,1786,2587, 587,2293, 758,1048,2239,1994,1035,2464,2449,2485,1366, 807,2482, 744,1870,2984,1091, 152, 555, 885, 365,2043,2957, 530,1279, 255,2082, 508,
2332,2206,2878,1248,2773,2357,2877,1718, 454,2433,2406,2391,1709,1284,2360,2871,2381,1360,2217,1419,2215, 800,1039,1311, 713, 970, 507,1214,2884,2461,2000,1075,
 453,2489,2503,1899,2499, 968,2389, 898, 199,2764,2345,2922,1301, 500, 204,1324, 838, 849,1343,2645, 105,1151, 158, 987,1986,2887,1782, 876,2859,1881, 282,2351,
  54,2934, 741,1936, 917,  74, 944,1186,2185,1905,1302, 756, 359,1595,1885, 711,2895,  28, 648,2435,2976,2818,1038,1723,2594,2250,1233,2326, 343,2052,2676,1800,
2746,  46,1308,2499,1463, 905,1035,1910,2713, 588,1303, 785,1010,2492,1968,   6,1967, 592,1418,2454, 175,2466, 267, 196,1885, 743,2100,1417, 283,2648, 149,2096,
1390, 467, 634,2867, 464,1042, 922,1639,  60, 194,1754, 441,2047,1070, 536,2531,2523,2792,2422,1898, 708,2515, 526,1092, 493,  22,2399, 288,1480,1291, 854,2160,
2067,2032, 235,2308,2008,2204,2626,2933,2755,2285, 433,1474, 540,1259,2753, 933, 120,2910, 782,  39, 891,1099,2015,1443,1221,1794, 254, 861,1810,2050,1149,1909,
 109, 328, 804, 154, 730,1914,1456, 274, 153,2681,2830,2038,  53,2234, 554, 523,2550,2551,  38,2338,2448, 726, 488, 749,2901, 786,2284,  50,2946,1209, 515,2106,
  49,2524, 588,1842,1653,1111,1831, 188,2716, 677, 687, 972, 104,2560,1593, 145, 579,   0,2104,2327, 167, 730,1789,2502,2759,2817, 405, 751,2697,1155,2470,2094,
1659,2243,2122,1891,1540,1515,1326,1820,2642,1077,2192, 721, 231,2385,2454,1773,1471,2707,2723, 805, 439,2135,1157,1221,2921,1425,2925,2232,1642,2509,  98,1230,
1650,2988, 566,2985, 604, 866,2958,1458,1243, 828,1123,2450,2197, 429,2801,1935,1237,1968,1745,1346, 896,1320,1739, 717,2993,2833,2310,2576,1889, 107,1232,1061,
  92, 897, 623, 353,1511,2761,2417, 607, 469, 196,1535, 332,1528,2523,1918,2034,1307,1738, 440,1796,2702,1874, 667,2053,1129, 380, 204,2717,  60,1883,1154,1331,
1753, 278,2273, 317,2654, 855,2831,1296, 495,  78, 365, 337,2987, 963, 741, 924,2328,1538, 214,1696,2599, 699,1570,1259,1752, 670,1375,1546, 538,2763,2251,2553,
1121,2587,2219,2300,1337,1219,2543,2896,  30, 680,  53,2856, 142,2758,2328, 216, 647,1481,2204,1188, 678, 391, 784,2077, 368,1958,2885,1712, 421, 491, 292, 511,
 876, 262, 153,2744,2953, 550,2469,2280,1949,1318, 521,2962,1089,2174,1610,2016,2548,1576, 431, 554,  44,1194,2534, 258, 207,1349,   2,2401,1274,1009,1446, 962,
2743,2372,1370, 887,2112,2185,2609, 394, 109,2006, 200,1403, 444,2231,2084, 539,1263,2914, 704,2061,2629,1485,1309,1341, 298, 840,  29, 395, 926,1325, 560,2698,
1656,2859,1618,2823,2318, 516, 989, 737,1783,2411,2547,1791, 372,1843,1292,2654, 944,2983, 845, 151,1669,2802,2108,2212,1467,1980,2336,1313,1628,2988, 441,1358,
 938,  61, 577, 932,2029,  34, 674,1396,2312,1910,2165,1863,1334,2649,2125,2091,1393,2895,1802,1979,1233,2985,2080,1857, 177, 799,2636,1590,2997,2913,1378, 197,
2751,1204,2255,2996,2250,1280,1912,1997,1257,1456,2747,2765,2589, 743,2528, 596,2024,1254,1730,1707,1150,2854, 248,2909,1793,1512,1506, 236,1253,2969,1655, 253,
1329,1495,2583,1162,2794,1746,2390,  58,1031, 565,2244,2524,1891, 510,2667,1608,2437,2396,  44, 403, 598,1897,2259,2356,1816,1708,2971, 370,1405, 725,1572,2460,
2624, 229,  56, 245, 662, 805, 860,1735,1492,2372, 500,1029,1967,  50,2139,2416, 172, 874, 562, 463, 103,2975,2638, 728, 336,2609,2906,1352,2827, 129, 998,1494,
1267,1950,1876,2779,2104,1038,2992, 865,2058,2142,1379,2341, 497,2258,2026,1091, 541,1871,1043, 256,2419,2754,1006,2033,2307,2890, 603, 213,2167,2219,1063,1562,
 179,1734, 874,2295,2679, 845,1046,2199,1755, 823,1095, 978, 958,1662,2914,2804, 727, 952,2618,2100,1813, 792,1808, 970,1022,1940,2124,2965, 840, 436, 988,2617,
 872,  16,1146,2219,1388,1998,2274,1191,1864,2427,2824,2949,1229,2942, 206, 162,1208,1645,1510,2386,2278,1132,1649,2741, 270,2279, 967,1014,2746, 982,2513, 922,
  70,2780, 965,1437,2290,2671,2281, 863, 116, 789,1683,2121, 812,1086,1588,1961, 205,2561,1210, 306,2150, 312, 889,2789,2734,2103,2975, 619,2301,1020,2917, 782,
2688, 508,1571, 247, 199,1942,2171,1762,2041,1241,2758,2680,1130,2782, 651, 688,1389, 359, 859, 517,2194, 311,2025, 569,1696,2120,2623, 234,2228, 753,1554,2926,
 904,2834,2686,1818, 393, 377, 971,2669,1109, 993,1153,2265,1744,2217,2864, 881,1725, 693,1975,2611, 976,2712,2694, 108,1636, 581,2743, 850,1098, 503,1201, 407,
  78,2230,2917,2296,1419,2304,2936, 354, 987,2664,1896,2990,1408, 615, 612,2883, 844, 276,2765,2074,1049, 184,1371,2001,2589,2435,2939,2110, 729,1632,2585,2577,
 961,1133,2782, 269,1881,  75,1797, 716,1399,2599,1933,1497,1748,  79, 749, 918, 486, 112,2426,1871,1965,1261, 776, 490,2657,2253,  62,1982, 449,2679, 406, 920,
  72,1389, 145,1778,1395,2030,2032, 270,1139,1231, 231, 104,1078, 516, 120,1897, 342,1518, 870, 433, 427,1571, 812,1904,  21, 897,2665,1316,2554, 375, 272,1242,
 922, 587,2419,2184,2013,1800, 226,2720,  70,2477, 887,2649,2065,2924, 975,2115, 137,2801,2870,1225, 223,2500,1498,1459,1325, 635,2794,1175, 919,2035,1126,1583,
2471,1483,1197, 442, 591, 192, 586,1865, 801,2180,2991, 398,1770, 332,  55,1187, 239, 624, 375,1828,1605,2545,1086,2895,1952,2893,2143,2252, 803,1285,1346,2359,
 965,2666,2603,1998,1546,2142,1429,2530,1966,1646,1811,1614,1408,1427,2478,1666,1494,1412, 641,2067,2716,2538, 856,2912, 499,1333,2196,1070,1913, 683, 281,2002,
 678,1657,1190,1147,2645,  50,2210, 836,2027,1757,1045, 383, 655,2935,2451,  29,1635,2999, 341, 356, 386,1235, 774,1140,2947,1960, 295,2992, 321,1043, 759,1402,
1605,2138,2902,1264, 524, 382, 533,1637,2818, 563, 795,1918,1164,1902,2135,2227,2355,1249,1133,1985,2203, 337, 631,2365,2661,1303, 300,1963,2028, 627,1939,1999,
2242, 797,2208, 451,2078, 241,2924,2780, 648,1626,1835, 179,1088,2854,2386,1741,1891,2521,1272,2185, 887,1068,1244,1864, 780,2508, 575,1143,2684,1633,1375,1183,
 953,1310, 485,2745, 893,2773, 541,2714, 924,2469,2808,  37,2931, 230,2375, 423,2770,  41, 564, 103,1643,2642,1509,1850, 860,2496,2905,1695,2114,2188, 525,2876,
 905, 853,2283, 980, 763,2367,2019,2563,2780,2144,1466, 249, 996, 689, 311,1420,1686,1468,2569, 953,1677, 989, 903,1742,2655,1862,1360,1441, 293, 703,2760,1273,
2534, 817,1056, 686, 471, 790,2935,1026, 385, 945, 921, 255,2269,2084,2020, 151,1076,2079,1185,1170,2505,2328,2853, 729,1055, 402,2787,1763,1788, 366,2682, 834,
2858, 166, 598,2461,2533,1127,2666,1479, 731,1980,2836,2406,1409,1987, 132, 408, 327,1154,2040, 474,2553,1687, 621,2890,2793,1274,2906,1108, 273,2619,2258,2102,
2665,2061,2341,2896,2557,1916,2918, 837,2820,2775, 765, 871,1231, 894,2109,2612, 207,2257, 846,2744,1033, 372,2814,2193, 165, 772,1908,1542,2462,1671, 457,2829,
 986,1977, 590, 727,2370,2457,1219,2246,2936,1925,1691, 556,1503,2967,2397, 298, 707, 277,1184,2420,2507, 540,1973,2766,1407,2543,1804,1722,1204, 553,1467,2860,
1710,1001, 523,2606,2572, 362,2889, 578, 680,1418,1833,1294, 354,2436,1860, 985,1552,1962,2490, 401, 954,2956, 144,1692, 742, 716,2726, 378,1019, 658, 886, 710,
2646,1523,2827, 915, 435,1248, 414,1996,2872, 593,2181, 808, 742,1234,1940,1351, 840,1656,1465,2715,1292,2631, 802, 187,2695,1515,1452, 764,1603, 859, 976,1464,
1345,1942,2886, 925,2053,2687,1682,2209,2195,2851,1188,1867,2766,1602,2929,  34,1846,2651, 819,1289,1459, 180,2999, 314,2199,2030,1047,2055,2749, 156,1956,2858,
 770,1775, 224,1159,1495,1922,1584,2466,1039, 440,2003, 958,1840,  92,1189, 624,1239,2293, 426,1875,1105,2360, 316,2255, 269,2415,2703,2689, 245,2480,1284,1660,
 103,2147,1033,1951,2066, 177,1389,1896, 127, 312, 819,1594,2414, 476, 391,2333,2546,1827, 657, 319,1802, 960,1356, 576,  49,1920,2944,2026, 181,2459, 458, 113,
1244,2441,2725,1211, 918,2244,1962, 232,2100, 485,1816,2208,2123, 333, 676,1144,1173,2076, 692,1386,1833,2355,  57,2374,1525, 158,1295, 600,1731,2787,1872,1406,
1096,1145,2303,1314,1119, 934,2058, 399, 586,2569,2033,1409,1305,1362,1143, 824,1562,  27,2520, 498,1012,1067,2934,1102,2656,1005,2166,  87,1352,2961, 563,2769,
 992,2938,2678,2652,1701,1514,1945,1681,2998, 237,2807, 709, 571, 964,1846, 130,2631,2151,1585,2761,2841, 871, 408,1679,2241, 589,1997,1176,1297, 466, 937, 820,
 163, 235,2709,2868,1565,1368, 352,1272,2316,1873, 585, 977, 620, 487,1167,  59,2654, 910,1491,1527, 261,2790,2806,2815, 518,2516,1868,2819,1826,2575,1652, 110,
 444,2922, 876,1777,2549,1180, 883, 904,2837,2190,1298, 847,2252,  96,2075,1618,2849,  25, 111,2700,2276,2289, 472,2579,1167,2340,2852,2123, 396,2308,2970, 638,
 673, 442, 478, 191,  93,2805, 166, 117, 670,2797,1140,2078,1252, 521, 543,1856, 556,1227, 239,2891,1138,1036, 250, 416,1127,2709,2225,1364, 983,1162,1771,2991,
2550,2475,1969, 637,2857, 579,1726,2272, 981,1498,1306, 597,1743, 357, 167, 369,  28,2685, 769,2763,1359,2962, 115, 535,2823,1729,2727,2081,1436,2473,1760,1983,
 666,2882,1152, 591,2351,1113, 459,1425, 946,1373,1353,2009,2059,2977, 133, 126, 281,1854,1400,2894,1501,1431, 201,2995, 730, 552,1785, 146,1538,  54,2511, 929,
 293, 340,1792,  85,  87, 186, 364, 882,2174,1060,  84,2605,1715,2262, 675,1190,1509,1801,1732,1540, 640,2595,2598,1535,2783,1157,2994, 524,2615, 287, 818, 534,
1316,2871, 994, 646,1137,2275,2113, 900,2046, 614,1423,  48,2431, 641, 864,2526,2256,1899,2570, 825,2173,1799,2054,1578,1270, 722,1077,  97,2004, 601,1382,1172,
2157,2443,2466, 926,2887,1384, 592,2068,1946,1196,2063,2465,1171,2010, 961,2812, 973,2878, 606,2136, 210,2400,1488,2430, 634,1663,2418,2155,1093,1587, 453,1579,
 844,1599,1051,2023, 711,1776,2608, 923, 304,2706,2525, 862,1341,2191, 125, 636, 858,1690,2236,1684, 294,1097, 948, 501,1483, 358, 443,2012,1100,1323,  14,1502,
  73,1358, 381,2412,1989, 345,2574, 483,1573,2587,2733,2639,2967, 594,2551,2586,2681,1408, 653,2127,  85,1616,1183, 510,1059,2869,2337, 302,1249,2598,1410,1922,
 433,1364,2369,1690,2103,1868, 723,  98,  38, 115,  58, 995, 886,1549, 155,1733,1914, 500,2078, 888,2373,1363,1659, 335, 563,1388, 200, 560, 790, 802,1569, 566,
 429,1395, 439, 283, 944,2145, 953,1805,2502,2395,2301,2190, 769,2157,1621, 208, 108,  97, 825,1826,2822,2686,2252, 462,2370, 917, 723,1375,1351,2510,1469,1384,
1679,2710,1799, 275, 665, 662,1638, 273,2427, 630,1836,  65,1960,1013, 380, 725,  89, 291, 106,1464,1394,1876, 744,2173, 941, 791,1865,1393,  84, 206,1555,1539,
 435,1923,1925,2472, 674, 381,  67,2589,1180,1474,  62, 634, 144,1510,2561, 901, 960,2806,1834, 143, 307,2030,2664, 368, 119,1127,1844, 893, 237,1373, 463,2910,
 877,1911,2052,1648,1342,2443,1796, 713,1272,2738,1078,1129,1353,1412, 227,1173,1863, 864,1658,1394,2067, 704,2646, 182,2895,1930,2249,2385, 174, 582,2505,2613,
2999, 282,1212,2658,1936,1463,2089,  30,1760,2968, 136, 697, 617,   0, 502, 243,1068,2494,2091, 131, 900, 913,2003,1584,1067,1138, 680,  66, 696,2214,1449,1220,
2648, 213, 808,2534,2972, 982,1435, 347,1850, 971,2159, 757,2835,2025,1608,2644,2305,2552, 593,2542, 236, 323,2722, 346,1235,1946, 798,1452,2421,1906,2945,2847,
1042,1661, 891, 216, 675, 819,1261,2723,2528,1005, 763,  89,2736,2868, 310,2943,1571,1314,1633,2290, 461, 486, 218,1411,2253,2097, 815,2388,2584,2555,1306,1930,
2337,2997,1574,2921,2162,1065,1512, 169,2795, 973,2969,1591,1059,2128, 504,2841,1753,1973, 672,2462,2802,2936,1605,2580,2286,2108,1660, 192,2940,1136,2527, 350,
 261, 620,1181,1207,1289, 181,2717, 296,1703,2657, 713, 779,2849,1982,2729, 330, 980,1003,2213, 654,2626,1835,1277, 489, 566,2857,1702,2363, 295, 747,1094, 513,
1494,2349, 411,1560, 863,1000,2347, 951,  25,  93, 327,1173,2222,2630, 621, 813, 705,1351,1089,2968,2549, 495,1947,2643, 432, 217,1171,2304, 659,1112,1646,1017,
1153, 645,2413,2879, 977, 772,1229, 983,1748,   8,  29,  72,1956,1095, 511,1568,1934,2344,  21,2880,2131, 822, 469, 163, 734, 435, 657,2582, 458, 471,2745,2022,
2206,1848,2280,1967,2641,1421,2748,1567,  47,2110,2530,1076, 268,1988,2079, 708,2492,2210,2055,1874, 492,1449,2307,1197,2080,2503, 817, 228, 414,1772,2254,1522,
1571, 731,2998, 336,2066,1680,1795, 996,2076,  58,2086,2016,2150,2074,1293,2718,1071,2455,1599,1890,2651, 481,1879, 599,2202, 919,1959,2117,2100, 607,1025, 480,
2214,2701,1380, 575,1697, 257, 867, 385,1718,2621,2687, 124,1152,2836,1205,1477,2424,1088,1497,1873,1433, 660, 313,2564,2612, 292,2411, 701,2051,1531,2740,2216,
1242,1476,2828, 537,1585,2165, 278, 844,2835,1694,1026,2515,2678,2793, 679,2670,2250, 492, 795,2002,2706,2159,1964,2395, 824,2715,1598, 400, 916, 397,1746,1068,
2739,2860,1420,1691, 124,2779,1481,2246,1064, 248,2619,2568,2752,2182,2047,2913,1496, 564, 625,2431,1617,2335, 876,1928,2061,2898,2197,1060,1514,1236,1327,2144,
1905,1574,2130,2169,2681,2344,1267,2256,1990, 152,2092,2043, 112,2542,2733,1970,2032, 332,2451,  40,1620,1996, 385,2072, 573, 570,1917,2760,1656,1965,2633,1600,
2506,2435, 308,1561,2792,1749,2691, 836,2458,1063,2306,2090,1882,1458,1900, 315,1154,2600,1362, 207,1265, 254, 381,2759, 903,1387, 684,2504,1019, 649, 161,1032,
1642,1355, 202, 129, 760, 886,1322,2826,  96,2470,1756,2203,1707,1847,2071, 694,1234,1862,2884,1589,1612,2057, 186,1489,1477,1638,1248,2679,1380,1062,2240,1332,
2555, 454,1889, 830,1283, 916,1952, 854, 194, 626, 212,1073,1099,1082, 196,1426, 452,1030,1778, 284,2476,1338,2403, 565,1676, 231,1635, 512,2757, 869,   7,1453,
  46,2337,1867,2285,2775, 320, 986,2940,2014,2916,1772,2036,1401,1623,  22, 803,1181,2069,1383,1825,2427,1548,1950,1174,1935,2930,2663,   6,1894,  95,2607,2339,
2716,1210,1263,1286,1564, 341,1568, 322,1601,2733, 450,1179,2955,2276,1736,1300,2892,  35,1054,1432,2268,2205,1901, 412,2289,2928,1984,1877, 428,1747,2428,2732,
 681,2883, 673,   9,2566,1797,1887, 377,1939, 310,2060, 420,2923,2478, 704,2329, 870,2586,1337, 858,  55,2180,2046,2832, 462, 617,2628, 142,  56,2918,1482,2596,
1029,1782,2629, 753,2028,2938, 176,2862, 302,2784,2728, 303,2893,1198,2154,1645,1225,2870,1164,1480,1440,1773,2422, 754,2701,2394,1241,2904,1239, 695,1938, 574,
2828,2154,1855,2357,1909,1612,1309,2464,2620, 484,  23,1770, 826,2939,2147,2762,2023, 478, 539,1390, 964,2846,2489, 121,2825,1047,1156,1102,2990, 340,1345,1195,
2373,2931, 438,1247,2334, 614,1647,2230, 148,1627, 226,2650,1948,1006,1843, 469,1943,1465,  71,2391,1557, 363,1704, 738,2185,2490,2881,2270, 572,1250,1711, 549,
 603,1912,1264, 703, 427, 838,1148, 106, 423,1595, 650,2404,2920, 387,2300,2178,1086,1413,1720, 605, 260,2692,  47, 101,2639, 426, 594,1010,1435,1326,2166,1852,
2753, 794, 230,  81,2235,1147,1703,1541,2637,1184,2148, 615,1929,2903,1670,2474,1695,1657,1602,1631,1775,2952,2720,2064,1301,1027, 291,2933,2971,2477,1438,2719,
1056,1534,2432,1580,2239,1802,2082, 419,  86,1741,2700,2311,2302, 800,2714,2499,2371,2491,1911,  79,1423,1116, 645,2677,2791,2393,2335,1166, 262,1487,2149,1790,
 719,2925,2577,1218, 376,1361,1110,1586, 667,1024,2556,2659,2623, 250,1224,1354,2565,1304,2869,2641,2533, 409,1995,2632,2521,2346, 909, 505,1761, 417, 496,1044,
1664, 309,2612,1148,1771, 892,1046,2192,1461,1590, 449,1742, 581,2757, 577,2418, 461,2943, 794,  46,2607,2332, 450, 464, 385,1661,2238, 188, 134,1434, 857,2777,
 434,1298, 174, 493,2295,1904,2480,2508,2791,1644, 368,2330,1132,1780,1433,2322,1969, 260,2457,1319, 411,1115,2873,1853,1936,  69,1693, 940,1793,1347,1596,  83,
2903, 229, 435,1055, 823, 765, 574, 336, 390,1008, 301,1111,1649,1593,2977,1329,1694,2404,  10,2610, 543, 642,2698,2442,1056, 535,1145, 821,2294,1113,1087,2085,
1039,1542,2778, 804,1739, 608, 956,2905,1178,2139,1257,1398,1280, 990, 746,2080,1385,1699,2449,1342, 959, 497, 460, 355, 555,1706,1011,2168,1002,1957,1931,1299,
1209,2828, 861, 799,1159,2659, 660,2565, 605,1754, 205,1339, 402,2366, 117,1150,1094,2548,2345,  53,2190, 176, 235,1978, 376,1570, 917,1482,  86,1466,2048,1103,
 217,2889, 519, 334, 615, 259,  23, 705,2006,2950,1079, 331,1824, 724,1124,1379,1709, 806, 571,1344,2560,2663,1953,1814, 951,2875, 655, 139,1869,1146,2696,1287,
 228,2703, 967,2336,2081, 211,2915,1537,1182, 640,2007,2993,2970, 925,  16,2425, 358,1292,2278, 430,1460,1318,1303,1454,1916,1417, 801, 308,1915,1281, 467,1971,
 296, 413,2416,1915,2313,2830, 228,2897,1692, 939,2099,2040, 522, 741,1858, 157,2700,2041,1626, 984,2954,1634,2037, 353,1689,1186,2979,1288, 536, 160,1751,2673,
 476,1350,1791, 589, 436,2989,2262,  51, 297,2420,2942,2522,1722,1949,1788,2855,2797,1721,2916,2810,1338,1096,2861, 390,2000,1601,2167, 969,2464,1350,1028,1052,
2369,2274, 820, 818,2181, 698,1991, 400, 783,1569,1334,1698, 182,2234,1521,1283,1573,2778, 121,2907,   2,2495, 828,2049, 451,2850,1856, 333,1840,1834, 616, 842,
 168,2437,1720,1903, 307,2376,1177, 325, 825,2676,2803,2500,1682, 445,2309, 527,2205, 223,2403,1851,1370,1811,2325,2120,2831,2235,1906,1524, 702,2824,1226,2021,
1504,2184, 134,1405, 537,1057,  77,1781,2231,1311,2693,2532, 373,1107,2671, 656, 328, 123,1361, 320,1637,1822,  11,2226,1756, 652,2402,2383, 898,1665, 934,  73,
1926, 719,2972,2481,1842, 888, 276, 175,2168,1475,1253,2901,2747,1953,1907,  90, 756,2222,1220,  64,  61,1829,1335,1083,1119,2899,2349,2476,1294,2844,2773, 664,
2886, 149, 550,1859, 118,1295, 785,2652,1855,1965,2204, 853,1207,2711, 938,2627, 586,1472,2497,2851,1391, 431,1640,1122, 646,2601,2708,1737,1251, 720,2379,2242,
1777,1481, 734,2777, 486,2237, 395,2713, 370,   5,1328,2987,2707,1821,2069, 116,2280,1369, 941,1442,1994, 141,1031,1290,2405,2983,2324,1625,2539,1561,1496,1269,
2937,1291, 786,1457,2458,2127,2734, 974, 855, 111,2710,2317,1519,2130, 647,1041,2266,1844,1317,2514,1240,1192,1064,2031, 883,1202, 344, 718, 209,1717, 542, 832,
2764,2257,2125,1507,1396,1881,1107,1071,2136, 757,1738, 352, 817,1730,1552,1609,2052,2677,2600,1149, 908,2195,2562,1715, 154,1324,1607,2572,1753,2213, 545, 105,
1469,2088,1998,2382,1985,2406,2516,2153,2725,2484,2057,2224, 717, 481,1898, 635,2005,2697,2621, 606,2799, 612,1627,1712,2284, 648,1390, 733,2211,1533,1977,2409,
2726, 782,2048,2027,2741,2193, 452,1689,2915, 306,2073,1109,1978,1123,2098, 998,1650,2507,1243,1315,2957,2501,2196,1256,1642,2422, 468,1238, 789,1572, 185, 846,
2923, 243,1589,2982,2253,2947,2611,2951, 544,1428,1801,1604,1861,2439,2770, 324, 954, 370,2867,2029, 991,2463,1837, 623, 663,1403,1160,2624,1803, 557,2038,2941,
 484,2413,1628, 227, 509, 215, 286,1655,  15,2882,1859, 562,1092, 776,2408, 135,2092,  70, 608,2019,2583,2846,2475,1708,2020,  44,1013,1795,2145, 972,1812,2774,
  37, 224,1888,1880,1170,2405,2749, 872, 896,2287,1767, 491,1714,1992,1774,2338,2784, 384,2817,2786,2077,2839,1399,2134, 792,2776,1759, 942,2537,1302, 671,2567,
2563,1928,1194,2850,1307,2976,1828,2809, 396, 238,1131,2604,1887,2410,2194, 546,1594, 809, 758,2684,2848, 389,1252, 437,1517,2722,1947,1870,1784,2417,1310,1581,
1783, 907,2109, 515,1595,1337,2510,1415,1484,2974,1223,2816, 902,1478,1839,2350,1366,1615,  74,2039,2650,2573,2447, 465,2348,2874, 455,1018,2141,1141,2788, 242,
1179,2354,2330,2848,2656, 446,1699,1648, 736, 692,1392,1199,  82, 997, 102,1972,1734, 136,1061,1832,2838,2661, 506,2305,1320,1265,1576, 356,1520, 966,2138,2152,
2097, 724,1245,2863,2368,2176, 403, 289,1923,1120,1331, 379, 931,1108,1279,1321,2347,1367,2228, 386,1933,2843,1007, 609,1042, 884, 128,2221,1312,2866, 211, 644,
2717,2728, 538,1470,2073,1709,2013,  94, 580,2359, 389, 632, 309,1786,2318,2177,1714, 153,2856, 755, 275, 267, 877,1921,1155,1374,2433, 706,2441,2616, 473,1678,
2415, 272,2602,1701,1549,2483, 279,2312,1045,1630, 367,2087, 927,2056, 780,1271, 114,2297, 507,1740,1355, 561,2785,2840,1211, 968,1015,1508,1430,2966, 424,2133,
1869,2452,2389,1461,2999, 190,1901,1445,1363,1629,2953,2398,2036,2541,1491,2118, 588, 783,1854,2112,2331,1716, 434,1034,1203,2980,2128, 767,2699,1866, 138, 875,
 143,1981, 285,2618,1551, 611,1841,1668,2855,2946,2277,2042,  30,1237, 873, 602, 301, 781, 171,1372,2083, 691,2522, 610,2390, 712,2282, 415, 244,1200,1764,1490,
1606,1779,2269,1135,2588,1530,  80,1622,1440,1282,2426,1667, 595, 520, 494,2095, 735,2267, 833,2888,1115,1278,2321,2635, 551, 892,2314,1614,2796, 816,2963,1125,
 198, 398,2704,2229,2105,1222, 240,2201,2018, 280,1575,1989,1529,2392,2558,1050, 947,2634,1499,2352, 935,2683,1258,1066,1439,2164,1377, 448,  88, 193, 329,2813,
  61,1204,  14,1939,2588,  79, 258,2860,1199,1253, 876,1171,2051, 717, 899,2062,2138,2224,2133,2881, 662,1813,1965, 516,2173,1424,1475, 193,2497, 458,2822,2477,
1217,1471, 425, 776,2252,1056,1815,2404, 863,2458,2951, 435,1066,1690,2720, 427,1340,1251,2416, 992, 315,1397,1941,1862,2987,2299,1278,1749,  46,1353, 855,2978,
 735,2008,1896, 826,1107,1873,1444, 286,2808,1135, 409,1956,1302, 414,1209,1005,1664, 938,2697,2119,1743,2479,1695,1416,1027,2046,2246,  74, 139,1109,1264, 205,
2161,1053, 934, 101, 231,  55,2061,1132,1494,2429,2635,1607,1805,1314,1034, 202,  33,2895, 489,1050,2361, 643,2055, 692,2280, 225, 875,1019, 872, 136,1714, 675,
 495,1105,1061,1447,1878, 543, 358, 791,1654, 163,2424, 290,1686, 851,2532,1560,2267, 446, 949,1420, 741,1047,2017,1630,1606,1147,1949,1237,2261,1046,1225,  16,
 477,1489, 395,2716,1703,2136,2076, 551,1799,2493,  29,2966, 634,1263,1139,1081, 714,2687, 868,2571,2133,1770,1924, 520,1328, 233,2672,1642, 267, 222,2272, 198,
2299, 586,2182,1543, 128,1561, 497, 763,2062, 994, 644, 261, 680,1124,2867,2533,2323, 573,1142,1764,1203,1516,1859, 410,1490, 203, 561, 663, 750,1740,2042,1797,
 574,  16, 931,1363, 317,1364,2856,1745,1361,2368, 529,1724,2023,2435,2843,2653,2760, 895,1127, 226,2817, 632,1504,2998, 116, 986,1571,2320, 564, 506, 404,2845,
1013,1334, 694,1102,  97, 681,2249, 795,1423,2594,2220, 739, 424, 256,1184,1657,2443,2742,2663,2937,2132, 925,1798, 100, 104, 235,1320,1155,1575, 771,2714, 836,
 654,1575,  84,2084, 825,1384,2824,2336, 468,1584,2030,2071,2189,2380,2651, 844, 790,2190,1700,2215, 777,2816,1101,2974,  17,1741,1131,1793,1396, 833,1680,1779,
2510, 394, 789,1200, 588,1725, 983, 233,2619,2348, 972,2529, 663, 852,2260, 244,1675,1602,2997,2868, 448,1733,2392,2406, 889, 384, 835,1279,1783,1257, 960,2705,
1068,1422,2562,2003,2490,2850,2990,2471, 410,2698,2989, 899,1594, 671,2433, 906,2157, 423, 584, 873, 830,2598,1280,2541,2942, 169,2893,1716, 625,2725,2112,2408,
 502,2734,1881,1838, 105,2480,2164,1308, 911,1345, 233,1775, 394,1206,1607,  13,1988,2482, 643,1464, 867,2140,1566,1239,2182, 959,1923,2312,2865,2369,2739,1758,
1832, 115,1905, 309,2529,1128,2597,2446,1795,1400,1828,2479, 803, 137,1242, 799, 236, 242,2931, 577,1229,2139,2177,1685,2939,1892,  93,2167, 478,2695,1315, 279,
1856,2078,1841,2002,1173,1074,2522,2044, 341,1481,2946,1819,2352,1536, 839, 770,1826, 241, 111,1888,2338,2284, 422,2264,2647,1839,2463, 827, 811,1182,2006, 673,
  42,1080,2857,1114, 646,1798,1977, 612,2121,2837,2296,1306,1351,1837, 100,2331,1616,1371, 823,1520,2951, 135,1374,2292,1213,2717, 997,1268,1376, 755, 809,  15,
1723,2730, 250, 747,1605,2426,  91,2276,1103,2650,1310,2020,2132, 949, 254,1781,1328,2671,  44,1850, 143,1956, 477, 839,2518, 810, 581,  30,2644,1417,1749,2710,
2593,1760,2032,2120, 451,2074,2614, 326,1722,2000, 928,2342,1472, 589,2741,1558,1593,2081, 768,2505,1262, 159,2095,1000, 171, 558,2319,2233,1688, 120,1754, 111,
 898,2872, 293,1440,2402,2110, 562,2334, 577,1739,2745, 188, 837,1185, 175,2608,2312,2343,  42,1311, 893,2266,1202,2379, 296,1719,2506,2201,2478,  76,1463,2066,
 864,1708,1809,2140,2431,1165, 964,2700,2731,2256,2611,2291, 664,1475, 383,2424,2830,2163,  64,2109,1081,2496,1925, 171,1290, 295,  96,2711,2444,  80, 220, 190,
1964,2661,1916,2920,2921, 144,2981,1347,2565,1273,1265,1901,1705,  32,2657, 657, 977,2228, 336,2800,1390,1026,2163, 770, 814, 536,1660,1252,1465, 846,2229,   1,
 228, 685,1852,1783,2271,  72, 790,2358,2011,1742,2990,2976, 787, 140,1424, 583,1505,   2,1898,2488,1667, 426,1023,1524, 666,2325,2036,2932,1572, 367, 325,2803,
 779,1473,2343,1491,1146,1932,1468,2519,2906,1766,1331,2549,2993,1090,1208, 691, 669, 903,1101, 331, 290,  45, 413,1217,2032,  77,1158,2166,1041,1991, 884, 229,
2129, 538, 842,2180, 756,2079,2152, 712,2805,2583,2459, 953, 535, 150, 609,1851,1183, 470, 445,  26,2905,1933,1559,2539,1234,2073,1083,2844,1461,2861, 628,2693,
 828,1186, 792, 896,  33, 327,1128, 621,1129,1993,2534,1307,2198,1403,2574,2349,2713, 672,2384,2122,2220,1635,1867, 902,1973,1078,2452,1152, 858, 342, 139,2573,
2283,2449, 359, 340,2080,2540,1625, 775,2915, 784,1971,  36,1193, 653,1974,1743,1209,2678, 338,2252,2950, 718,1644, 801,1269,2278, 474,1460,1622, 519,2545,2313,
 149, 140, 818,1303,1150,1915,1018,1144,1194,2390,1960, 919,1365,1619,2134,  62,  38, 122,2257, 843,1924, 677,1070, 455,2077,1114,1811, 732, 331,1344,1807,  70,
1285, 307,1573,2752,1125, 388,2776,1784, 437, 192,1890,2954, 547, 430,2839,2756,2664,1858, 785,2366, 817, 371,1249, 271,2067,1774,2107,1118,  90, 263,1281, 509,
2180,1423,1955, 767,1576, 514, 272,2581,1362,2788,2840,1709, 440,1015,2675,1734,1582, 425,1712,1124,2653, 941,2056,1067,1003,1450, 393,1404,1058,2512,2982, 841,
1021, 422,2088,2203,1835, 821,1076,2345,2676, 349,1429,1853,1454,1996,2437,  10,1517,1931, 546,2125,2919,2098,   5,2309, 559,1159,2170,1215,1537,1470,1706,1008,
 681,1751,2567, 772, 451, 861,2369,2875,1834,1378, 403,1585,1599,1261, 531,1319,1768, 746,1065,1123,2493,2233,1398,2874,1011, 616,1235,  11,1592,2907,1342,  69,
1633,1226,2707,1532,1738, 733, 914, 879,1603, 901,1182,2370,1476,1028,1134,1007,2070,1087,1052,1544, 328,1079,2440,1120, 355,1596,1395,1511, 639,  63, 642,2484,
1884,2603,1497,1096, 211,2137,1027, 909, 317,2271,2153, 877, 900,1224,1848, 213,1175,1089,2294,2239, 206, 398, 548, 392, 521,1659, 101,1505,2641, 128,1355,1727,
2359,1329,2681, 500,1307,2621,1232,1099, 159, 843,2019, 822, 511,2970,1138,1713,1809,1705,1568,2796,2916,2759, 586, 356,2499,2149,1222,2662,   4, 431,2311, 957,
 133,2623,1472,2250, 768,2726,1893, 868,1096,1435,2302,1258, 415,   8, 385, 629,1700, 647, 441,  32,1211,  72, 117,2739,2686,2528, 578,2016,1668,1045,1981,1551,
2030,1790,1662,2578,2540,2851, 196, 603, 594, 246, 186, 954,2396,1021,1080, 618, 184, 880, 463,1866,  37,1458,2285, 911,2563,2719,2507,2083,1964, 602,2802, 950,
1199, 545,2429,2082,1975,1573,1849, 982,2802,2514, 838, 204, 998, 725,2634,2622,2038, 901, 495,1714,1422,1161,2087,1682, 386,2747,2483, 284, 155, 848, 936,2387,
1956,2307, 754,  76,1326,2411,1937,1840, 703,1022, 640,2371,1450, 507,2415,1142,1107,2592,1974,  18,1271,1377,1156, 580,1950,2384,1914, 927,2060,1704,2688,1641,
2464,2751,2579,1119,1909,1229, 583,1113, 584, 610,2866,2792, 715,2838, 648,2257, 438,2181, 246, 333,1298,1941, 476,2453, 285,2581, 475,2179,1218,1645,1631,1948,
1104,2185,1894,1312,1644,1771, 695,2574,2218,1193,2172,  85,2921,1181,2768,2692, 971,2118, 254,1786,2146,1528,1169, 736, 392,2832, 183,2154,2413,2767, 966,1523,
1292, 944,1430, 469,1653,1964,2925,2391,1016, 404, 637,1414,2898, 529,1888, 967,2100,1882,1379,2014, 808,1773,2198,2157,  94,1563, 851,1381,2161,2129,2348,2556,
1978,2933, 305,2072,2182,1328,2159,1984, 598,2467,1985,1373,1581,  68,1672,1894,1300,2207,2101,1547,2300,1870,2218,2410, 669,  58, 265,2973,2614,2432,2548,2736,
1993,1868, 236,2393, 942,1399,1890, 869,1263,1954,2706, 714,1832, 395,1766, 200,2108,2269,2259,2537,1393,2587, 491,1553, 558,2361, 560,2919,1246,2088,2071,1564,
2209, 676,2670,2451,1823,1286, 370,2826,1103,  43,2103,1473,2158, 814,2205,1309, 230, 342, 573,   3,2262, 796, 685, 650,2809,2364,1174,2920,2273, 212,1413,1401,
2378,2428,1655,1935,1969,1249,1262,2150,2806,1065,2941, 935,1000, 291, 955,2346,1780,2518, 771,2196,1512,1160, 417,1153, 623,2546,1042,2439, 345,1385,1145, 544,
2960,1600,2940,2849,2468,1889, 153,2149, 635,1922,1195, 237,1765, 706,1141,1728, 178, 848, 461,  99,2093,2633,2368,2407, 633,2578,2800,2248,1165, 674,2298,1580,
2289, 925,2195,2799,2189,2577,2797,2224,2593,1711,2253,2409,2470,1558,2683, 412, 197,1900,2153,2971,2959, 829,2881,2394,1095,2263, 307,2389,2674,1815,2090,2005,
1749, 185,2091, 380,1577,2715,2732,2211,1445, 496,1796,1557,2342,1054,1367,1812,1106,2486,2178,2329,1238, 745,2980,2568, 361,1228,2176, 216, 420,1383,1507,1598,
2679,2688,2543, 811,1838,1680,2731, 700,2879, 351,2202, 486, 548,  12,2674,1994, 765,1111, 614,2498,1608,1025, 708,2882,2193,2953, 959,1529,1843,1474, 606,1110,
1131, 316, 816,2742,2420, 607,1932,2245,2845,2948,2360, 396,2888,2865,2441,1487,2418,2821,   8,1675,2517,2314, 701, 502,1701,1955, 800, 996,1777,1988,2235,1530,
2502,1438, 328, 251,1353,1547,2492,1348,1520, 129,2183,1251, 683, 810, 262, 109,1702,2915, 620, 943,2371,2438,1084,2708, 108, 240,1476,1703,2485, 528, 748,2175,
2335,2194,2702,2022, 183,1497,2648,1830, 276,1397, 182,2737,1637,2629,1116,2640, 203,2877,2798, 471,1411,2448, 690,2899,2126, 867,  51, 568,1954, 590,2481,1606,
1692, 134, 252,1837,2785,2283,2647, 912,1294,2385,1813, 402, 505,2008,2270,2297,1617,1275,2752,1513,1441,1733,2910, 659,2735,2779,1616,2630,  89, 313,2206,2226,
 539,2197,1958,2216,2943, 390, 170, 344, 955, 815,2021, 374, 339, 870, 804,2362,1678,2558,1448,2989,1556,2065,1139, 432,2889,  91,2192,2376,1210,1903, 778,1277,
2207,2500,1852, 268,1936,1953, 299,2508,1063,2242, 283, 209,1055, 754,2517, 613,1718, 822,2162,1670, 379,2375,2011,2051,2561, 780, 223,2497,1541,  81,2862,1750,
1510,2740,2261, 572,2596,2015, 345, 302,2643,2591,  18,2584,1746,2116,2601,1879,1327,2883, 382, 310,1129,2288,2388, 652, 219, 738,  20,2748,1486,2148,   9, 731,
  26,1493,2222,2841,1324, 854,2299,2911,1543, 626,2631,  71,1168,2913,  35, 266,2997,1327, 352,1205,1449,2516, 303,1024,2804,2571,2137,2105,1854, 377, 719,1484,
1659,1163,1730,2847,1877,1959,1878,2673, 608, 567,2723, 189,2937,2945,1895, 467, 157, 763,1090, 807,2040,2425, 152,1216, 744,1394, 318,2089, 622, 766, 214, 696,
2773,2960,1086, 957, 178,2696, 952,1869, 694,1255, 323, 353, 880,2544,1004, 890,1477, 791, 119,1824,2119,1759,2811,2668,1197, 346,1550,1748,1989, 224, 259,1929,
1967,2254,2884,1688,2777,2749,2117,2613, 425,1451, 480,2699,  64,1640, 131,1545,1447,1414,2260,1082, 248,2027,2287,2200,1332, 347,1489,2964,2718,1212,2880,2131,
1006,1069,1707, 740, 915, 285,1727, 723,1053, 655,1937,  98,1778,1904,2045,  31,1725, 161, 951,1085,1863, 853,2834,2421,2750, 315,2358,1990,2504,1995,2552, 447,
1248,2825,2612,  12, 786, 332,1288, 557,1416,1555,2423,1002,1432,2412,2930, 114,2339,2822, 813,1336,1500,2086,1387, 831, 527, 208, 141, 221,  40,2658,1548, 913,
1611,  56,1385,1048, 207,2506,1241,2690,2564,1628,1927,1944, 802,1788, 654, 793,   4,1591,2322,2566,1805,1698,1806,1836, 278, 460,1236, 522, 335,1245, 334,2738,
 456,1453,2186,1412,  66, 449, 969, 350, 282, 762,2442,2487, 980,2873, 806,1266,1597,2644, 164,1621,2445,1970,  65, 940,1976,2590, 698, 665, 360,2306,1434,2795,
2198,1064, 968, 481,1049, 827, 886,1022,2829,1467, 944,1527,2271,1901, 727,2744,1989, 476,2574,  23, 837,2922,2487,2688,2411,2826,2903,2403, 618, 883,1115, 797,
2747,1164,2351, 151,1092,1649,1323, 443, 791,1975, 816,2846, 685,2729,2400,1285, 109,1260,1656,1823, 862,2674,1165, 669,2342, 948,1270,2191,2828,2186,1021,2525,
1502,1865,1707,2358,1520,1243,1661, 722,2813,1476, 260,2443, 176,1262,2865, 164,2659,2608,2405,1947,1283,2571, 280,1791, 838, 807,2456,2695,2084,1648,1338, 165,
2854,1974,2472, 138,2773, 154,2992,1585, 320, 141, 814,2793, 767,1816, 221,  49,1043, 494,1012,1392,2553,1944,2518,2398,1766,1337,1482,2244,1219,1137,1148, 915,
2375, 369, 348, 376, 519,   3,1455, 843,2804,1624,1954, 342,1077,  52,2200,2791,2978,2782,1549, 436,2511,2871,  71,1614, 537,2785,1411,2419,1675,1871, 558,  41,
1688,2647,1886,2770,2213,1897,2323,1729, 298,1033,1587,  86,1508,2811,2473,1430,2422,1227, 193, 890, 637,1674,1255,  25,2386, 793, 567,1193,2469,1441,  94,2900,
 303,2402,2441, 400, 573, 474,1276,2041,1845,1216,1450,1620,1926, 201,1578,2742,2476,1162,1204,2142,1611,1498,2800, 552, 275,1321,1274,1431,1699, 794,2231, 761,
2137, 769,2467, 892,2585,1574, 372,2615, 871,1969,2543, 534,2878, 172,1684,2894,2130, 615,1551,1168,1972,1895, 215, 981,2812,2259,2898,1501,2328, 239,1069,1163,
2283,1613,1546,1577,2140, 516,1528,2823,1013,1652,2887, 254,1525,1582,1674,1976,2845,1496, 579, 683,  66,1855,2771,2341, 989,1919,2448, 758,  57, 757,1286,1223,
 389,2919,2033,2065, 368,2607,2374, 219,1284,2230, 328,1106,2258,1806,2014,1720,2456,  32,  24,2116, 337,2044, 762,2660, 383,2048,2010, 595, 882,1845, 286,1776,
 824, 820,1234,1039,1941, 479, 308,2156, 204,1425,2255,1827,1679,2618,2765,2757,2769,1952,1618,1036,2350,1473, 203,2906,2382,2649,1266,2947,2786, 804,2961,2303,
2890,2052,2417, 450,2360,2299,2145,1297,1750,1161, 774, 465,2155,1448,2550, 788,1347,2885,1108, 487, 711,1767,2604,2593,2274,1864,1838, 678,2690, 740, 238,2151,
2589,2308,2496,2261,2927, 593,2486,1803,1802, 541, 578,1469, 592,2466,1452, 840,1527, 158,2805,  59,2333, 999, 583,1920,2999,1048, 121, 676,2624,2737,1097,2126,
2581,1385,2697,1397,1090,2069,2689,1694,1540,2347,1185,2575,2579,1809,1663,2685,1157,1031,2750, 937,1604,1927,1993,1189, 252, 613,2434, 210,2870,1846,2751,1282,
  87, 860,1997,2260,  78,2221,2097,2282,2722,2374,1318,1356, 143,1012, 776,2247,1172,2362, 227,1787,2414, 374,2594,1651, 103, 699,1533, 351, 498, 191,  27,2798,
 990,2198,2599,2616, 605,1366, 391, 897,1921, 598,2952,1673,2721,1872,2438,2498,1570,2929, 159,1861, 600, 102, 847,2727,2911, 576, 661, 147, 399,1732, 764,2735,
 911,2936,1897,2289,1106, 710,1109, 137, 404, 832, 479, 745,2168, 195, 401,2854,1154,2318, 359,2174, 354, 976,1053,1439, 529, 812,1357,1942, 904, 329,2956,1673,
2414,2572, 702,2771,1418,1433,1815,1100,1669, 705,2378,2959,   3,1499,2661, 361, 694,1887, 273,1203,2467,  21, 484,1094,2677,1504,1821,1422,1179,1899,1196,2606,
 326,2884,2950, 774,1955, 532,2272,2028,2562, 888, 720,1389, 660,1060,  99, 947,1562,  12, 636,1765,2627,2277,1728,2018,1906,1998,2283,2093, 501,1878,1671,2908,
2801, 457, 926,1686,2102,2202,2784,1040,1295,2787, 851,2820, 514,1437, 418, 707,1080,1455,2187, 444,1360,2324,2296, 894,1352,1190,2279,2938,2652,1804, 773, 553,
 245, 702,2361,2161,2135,1800,2825,1260,2144,1823,1375,2682,1341,2381,2364,2304,2670,2763,1346,1521, 929,2058,1595, 575, 958,2972,1538,2445,2031,1700, 540,1677,
1627,1919,2620,2461,2383,2199,1273,2838,2119, 411,1192,1822,2012,2223, 362, 277, 440,1004,1220,2535,1543,2063, 145,  43, 521, 133,1495,2923, 464,1550,1057,1177,
1457,2323, 601, 214, 714, 525,2736,1658,2210,2691,2026, 461,1122,2853, 433,2891,1436,2962,  41,2827, 126,2317, 189,2837, 289,1842,1717,2557,1691,2602,2495, 416,
1661, 424,2560,1780,1269,1908, 670, 622,1569, 434,1829,1246,1085,2852,1553, 735,2977, 967,2436,1503,2973,2532,2605, 132,1016,2781,2367,1335,1381,2465,2237, 297,
1142,1656, 177, 887,2488, 167,1514, 666, 572,1928, 868,  88,1400,1317,1589,2035,1207, 555,1088, 317,2429,2585, 384,2764,1941,  75, 160,1519,1932, 533,2227, 382,
 922, 218, 730,1486,1958,2092,1650,2819, 348,1664,1419,2321,1071,1140,1825,1407,1334,1117, 255,1926,1999,2807,1654,1817,1371,2037, 587, 299, 917,2099,1963,1565,
  91,  52,1865,  14,1526, 584,1542,1737, 831, 155,2927,1617, 215,2057,2248,1615,2530,1232, 990,2189, 985,2536,2354,2316,2897,1814,2234,1653,2934,2704,1992, 264,
1276,1406,2642, 545, 859, 174,2767,1408,2877,2912,2595,1913,2901,2814, 848, 682, 771,2397,1180,1987,2462,2772, 217,2559, 912, 936,1966,1687, 232,2045,  19,2172,
2654,2011,1646,1299, 907,2950,1188, 975, 104, 768,1634, 631,2600,1169, 184,1037,1781,2731, 523,1325,2728,2944,1769, 939,1089,2768, 905, 373, 992, 686,1951, 127,
 987,1583, 528, 810,2703, 734,1175,1763,1256,2453, 829,1084,2365,1875, 668,2655,1416, 499, 689,  92, 173,2183,2872,1428,2315, 690,1681,2013, 629, 249,  28,2293,
2128,1287,1624,2004, 834,2225,1333,2662,2645, 314,2029,1643, 618,1459, 319, 406, 519, 113,1462,1753, 994,2979,2115, 946,1577,1330,1902, 170,1505,1133, 910,2886,
1402,2175,1705, 112,2179,2724,2387,2143,2834, 638,1350,2294, 187, 490,1275,1105,2774, 857,2622,1666, 266,2238,1757,2948,1713, 482,2001,1893,2810, 921,1187,1104,
   6,2653,1673,2957,1316,2965,2546,1761,2952,2140, 106, 742,2279,1447,2207,1072,1772, 961, 312,   4,  50,2820, 482, 514,1874,1924, 349,1101,1558,2236, 879,1532,
 782, 770, 617,2301,1091,2550, 839,1003, 270,1201, 554,1093,2015,1462,1601,2267, 863, 281,2969,  52,  22,1233, 124,1592, 811, 923, 681, 743, 970, 878,2724,1488,
2111,1552, 699,1654,1070, 453,2555,1098,1378,1170,1143,2414, 989,1756, 407,2743, 878,2780,2474,2656, 485, 348,1923,1919,1128,1276, 492,2113,  26, 442,1818,1905,
 447, 393,2056, 841,2569,2393,1727,1629,2991,2632,1582,1611,2639,2513,1330,2570,2684,1037, 394, 724,2869,2378,2512,  31,2357, 166,1191,2694,2858,2170,1762,2353,
 524,2273,2124, 957,1827,1149,2521, 360,1272,1547,  54,  33,1911,  42, 363, 371, 682, 172,2493, 140,1405,2753,1121,2396,2147,1647,2772,2896,1468, 914,2540,1451,
 264, 473,1250,2988,1118,1768, 408,1785, 441,1579,2559,2373,2382,2107,1414, 122, 462,2515,1354,1554,1624,2588, 973,2009,1456,2354,2209,2536,1782, 247,2265, 148,
 440,2614,1882,1167,2025, 306, 508, 318,1876,1074,2712,1359,1336,2985,2771, 294,2204,2526, 924,1937,  48,2047,2330,  36,1409, 955, 271, 547,1817, 338,2756, 173,
1743,2586, 120,1208, 451, 252, 142,2132, 549,1723, 766,2545,2964, 472,2523,1943,1662,1492,2544,2075,2208,1493,1199, 199,2668, 775, 357,  82,2068,1726,2340,1755,
1689,2542, 590, 639,1182,1114,1511,2994,1455, 517,1658, 178, 556, 381,2039, 805,1813, 889,1437, 243,1502,2337, 150,2217,2733,1559,2424,2835,1415,1051,2960, 518,
1620, 624,1747,  95,1081,  20,2701, 234, 563,1121,2339,2344, 645,2440,1515,2494,1459,2927, 202, 466,2121,2680,2591,2241,2323,2430,1623,1368,1176, 569, 932,2892,
2459,  76, 641,2427,2943, 284, 783,1669,2290, 778,2489, 477,1880,1023, 499,2070,2691,2864,2815,1301, 918,2423,2928,1073,2855,1509, 737,1478,1910,2932,2275, 194,
1424, 183,1388,2141, 512,1139,   1,1506,2789,   7,1725,2917,2343, 365, 781,2491, 162, 668,1426,1847,1358,2949,1062, 339,2212,2281, 611,2171,1513,1792,1534, 979,
2957, 571,2859,1032, 568, 625, 962,2831, 422, 452, 503, 991, 819,2702, 258,2781,1896, 418, 459, 220,2885,2794, 454,2401,1586,1808,2355,2444,1830, 322, 388,2790,
1072, 748,2381,2485,  18, 850,1664,1590, 359, 108,  45,2501,1038,1158,2122,1719, 479,1833,2129,1918, 130, 585,2291,1917, 324, 865,1619,2334, 732,1945, 532,2169,
 653,  47, 880,2746,2384, 988, 181,1676, 662,2054, 180,1500,1372, 684,1117, 628,1545,2251,2271,1588,1853,2524, 963,1305,1040, 596,1198,2625, 672, 928,2821,1683,
2395,  19,2908, 649, 510, 548,1349,1357,1049,1535, 218, 908, 943,1386, 156,1752,2165,1609, 195,1365,1404,2628, 626,1883,1144,2981,1296,2053,2356,1267,1348, 760,
 439,2479, 675,1049, 425,2766,1161, 661, 578,2457,1845,1603, 323,2044,  63, 409, 591,2233, 713,2494,1696,2620,1560, 125, 753,1912,1231,2721, 147,1134,2576,1240,
 562,2218,1831,2963,2709,2578,1626,2509,2848,1651,2475,1370,1166,2292,1612, 599, 175, 716,1074,1471,2625, 688,2263,1536, 974,1574,2219, 419,1544, 721,1304,1710,
 704,1522, 749,2609,1674,2968,1228,2315,2407,2249, 643,2215, 830,   5, 751, 559,1072,1848,1291,1961,2935,1429,1215,2833,2488,1930,2454,2597,2446,1567,2482, 604,
 827, 565,1825,2298,1715,2434,2983, 405,2123,1244,2829,1058,2264,1566, 287,2455,  53,1907,2836,1130,1819, 651,2372,2783, 845,1769, 999,2468,1820,1479,1442, 687,
 410,1463,2214,1376, 493, 301,   0,1665,2995,1650,1531, 366, 693,1982, 658,2665, 268, 542,1112,2617,2924,2456,1483,1794, 788, 656,1934,1860,2295,1443,1001,1697,
1230,1044, 263,1810,1983,1259, 747,1213, 513, 311, 796,2754,2778, 489, 123,  60, 906,2243,2775,2158,2232, 531, 993, 852,2305,2926, 566,2531,2669, 597, 330, 526,
1914,1382, 729,2818,2904, 265,2096, 633,2918,2527,2064,2580,1721,2327,2094,1636, 169, 881,2188,1672, 619,1029,2380,2637,2666,1289, 899,1391,2863, 504,1735, 118,
 256, 797,2551,1059,2363,2876,1563,2050,1962,1885,2399,1789,2660, 488,1613, 343, 826,2755,2460,1293,  13, 739,2326, 429,2758,2667,1206,1421, 288, 364, 274, 168,
1891, 515, 100, 677,2914,2517,1268,  38,2127, 222, 253,2268,1798, 984, 470,1597,2529, 110, 413,1744,1638,  34,2450, 304,2163,2471,2288, 257,1724,1745,2472,1016,
2631, 667,1721, 293,1801, 475,2590, 750,1466,2761, 197, 241,1217,1787,1075, 849, 375,2594, 233, 715,2247,2636,1610,1946,2557,2909,2519,2955, 779,2447, 895,1369,
 726,1380,1020, 582, 246,1641, 916,2310,1010,1260,1685,1556,2514,2520,1030,2024,1221,1736,1968, 787, 456, 300,2503,1892, 550,1308,2223,2538,2603,1886,1254,2646,
 866,2240, 107,1731, 378,1014,2582,2672, 949, 856,2106,1485,1979,1857,1758,1214,2975,2675, 387,1035,1339,2547,1980,1884, 885,1322,2008,  67,1313,2902,1516, 965,
1523,  73, 950, 979,1844, 773, 292,2111,1940,2104, 316,1151,2320,2626,1539,1986,1480,1017, 878, 933, 146, 798, 945, 630, 326, 956,2640,2059,2996,1126,2184,1178,
 290,1446, 784, 321, 761,1702,2160, 421,2486, 891,2332,2146,  39,1343,2610, 752, 392,2705,2967,1807, 179, 835, 570,2007,2762, 759,2156,1526, 697,2187, 251,2958,
2353,  83, 627, 428, 269,2319, 530, 225, 952,2377,1957,2114, 874,2638,2592,2286, 165,2729,  68,1136, 978,1693,1009,2808,2049,2245,1340, 777,1247, 305, 995,  17,
2978,2220,2900,1849,2085,1938,1632,2554, 920, 728, 397,2017,2984,  24,1518,2101,2034,1410,1427,2062, 709, 679,2043,2842,1639, 483, 700,1444,2535,2986,2730, 930
# End of WOM_finder solution for a <106,3000>/14 code
