# Begin of <64,64,64,64> / 14    WOM-code :
37, 46, 14, 5, 36, 30, 51, 60, 9, 45, 30, 10, 56, 12, 13, 23, 52, 56, 60, 17, 17, 61, 49, 51, 8, 9, 15, 54, 11, 19, 2, 11, 
40, 22, 26, 38, 23, 41, 57, 6, 21, 20, 48, 18, 36, 53, 16, 21, 23, 21, 58, 3, 5, 13, 13, 27, 17, 51, 14, 51, 62, 37, 26, 8, 
59, 0, 15, 7, 10, 34, 29, 11, 62, 44, 42, 40, 2, 30, 35, 42, 6, 26, 1, 28, 24, 36, 41, 16, 16, 58, 62, 13, 12, 19, 21, 33, 
30, 48, 28, 2, 54, 42, 3, 11, 44, 47, 0, 61, 6, 40, 59, 54, 63, 10, 30, 53, 47, 3, 58, 9, 55, 58, 0, 2, 41, 56, 63, 50, 
57, 19, 55, 0, 33, 18, 57, 20, 58, 8, 17, 49, 37, 3, 55, 15, 31, 12, 52, 6, 42, 39, 8, 10, 53, 33, 32, 28, 38, 6, 43, 45, 
36, 35, 54, 21, 33, 25, 5, 42, 3, 23, 41, 58, 41, 38, 23, 24, 26, 1, 16, 43, 13, 55, 27, 40, 47, 51, 3, 57, 36, 58, 28, 15, 
39, 36, 45, 63, 61, 43, 51, 24, 7, 42, 59, 1, 59, 57, 27, 27, 35, 4, 34, 14, 0, 49, 45, 40, 59, 55, 32, 17, 7, 23, 24, 5, 
1, 54, 29, 41, 31, 14, 33, 22, 13, 54, 17, 2, 41, 60, 34, 54, 15, 41, 23, 58, 56, 61, 2, 11, 49, 0, 16, 39, 33, 44, 18, 6, 
16, 43, 51, 37, 32, 2, 31, 22, 53, 27, 28, 43, 58, 4, 16, 49, 19, 44, 20, 35, 34, 29, 23, 25, 46, 42, 39, 6, 25, 34, 31, 5, 
28, 49, 32, 62, 48, 61, 5, 9, 50, 12, 5, 12, 7, 49, 61, 38, 59, 24, 56, 8, 22, 42, 9, 43, 1, 58, 15, 55, 44, 12, 16, 23, 
25, 51, 60, 13, 61, 59, 14, 38, 39, 19, 34, 3, 29, 47, 0, 10, 32, 47, 7, 45, 15, 56, 56, 62, 21, 18, 20, 48, 34, 33, 45, 37, 
18, 31, 37, 57, 53, 57, 29, 6, 2, 18, 44, 23, 6, 34, 30, 1, 48, 24, 42, 46, 13, 6, 2, 59, 26, 37, 53, 14, 62, 27, 44, 39, 
58, 19, 2, 49, 4, 53, 10, 52, 35, 11, 6, 59, 63, 30, 37, 62, 46, 41, 2, 46, 3, 28, 0, 40, 30, 32, 25, 33, 62, 3, 56, 4, 
49, 23, 30, 48, 30, 16, 31, 4, 31, 63, 60, 24, 56, 19, 13, 3, 40, 17, 21, 11, 44, 60, 55, 26, 4, 0, 36, 37, 63, 32, 42, 31, 
50, 10, 28, 60, 44, 42, 53, 43, 33, 25, 31, 46, 48, 14, 21, 4, 9, 19, 33, 45, 63, 18, 48, 13, 60, 12, 36, 9, 24, 54, 22, 17, 
2, 57, 16, 4, 28, 46, 48, 48, 49, 39, 28, 18, 23, 26, 18, 38, 55, 15, 19, 44, 42, 53, 51, 25, 61, 58, 43, 29, 37, 61, 54, 38, 
7, 38, 37, 62, 37, 2, 57, 39, 20, 45, 59, 22, 46, 49, 37, 34, 5, 34, 62, 24, 49, 3, 24, 23, 4, 18, 44, 29, 11, 24, 37, 28, 
44, 60, 10, 7, 18, 36, 59, 34, 26, 9, 33, 5, 39, 30, 20, 55, 8, 43, 50, 20, 35, 17, 39, 46, 10, 30, 27, 4, 49, 59, 42, 41, 
15, 5, 47, 31, 23, 36, 42, 51, 21, 0, 35, 12, 16, 23, 45, 38, 13, 40, 33, 48, 28, 20, 46, 4, 56, 14, 2, 7, 6, 55, 31, 27, 
39, 33, 20, 9, 47, 18, 21, 47, 38, 59, 31, 30, 26, 8, 17, 53, 57, 39, 53, 6, 51, 60, 51, 10, 63, 5, 26, 61, 13, 38, 61, 48, 
26, 26, 37, 61, 22, 30, 49, 15, 13, 58, 9, 31, 42, 25, 60, 7, 54, 48, 36, 30, 1, 17, 36, 52, 61, 21, 26, 23, 51, 12, 3, 26, 
9, 13, 45, 32, 23, 38, 30, 35, 34, 35, 1, 10, 45, 16, 43, 57, 29, 5, 8, 19, 18, 62, 47, 43, 55, 29, 43, 36, 60, 51, 32, 8, 
38, 57, 28, 43, 21, 49, 55, 31, 52, 32, 61, 38, 43, 7, 52, 14, 22, 50, 14, 18, 8, 24, 32, 29, 45, 41, 15, 63, 18, 50, 21, 39, 
25, 40, 19, 25, 32, 19, 14, 16, 39, 12, 39, 20, 39, 37, 36, 43, 36, 46, 6, 51, 34, 3, 1, 39, 47, 30, 13, 41, 1, 12, 36, 54, 
55, 19, 25, 49, 35, 11, 42, 7, 54, 23, 48, 62, 11, 50, 27, 52, 28, 11, 18, 0, 47, 36, 30, 61, 26, 46, 39, 35, 8, 63, 62, 35, 
36, 50, 43, 39, 33, 1, 42, 9, 56, 44, 21, 48, 15, 37, 60, 29, 53, 44, 34, 62, 41, 53, 5, 26, 58, 2, 57, 41, 33, 30, 63, 62, 
49, 52, 40, 31, 26, 6, 57, 55, 55, 48, 13, 21, 51, 45, 42, 39, 27, 32, 9, 37, 22, 63, 52, 54, 46, 25, 21, 11, 12, 17, 13, 22, 
20, 29, 62, 16, 53, 6, 46, 58, 7, 22, 35, 21, 20, 61, 53, 47, 43, 45, 49, 60, 15, 35, 37, 11, 54, 5, 4, 6, 3, 1, 42, 28, 
49, 59, 48, 10, 47, 0, 23, 13, 15, 48, 40, 41, 43, 41, 49, 2, 63, 28, 24, 20, 33, 2, 61, 5, 63, 43, 16, 14, 7, 56, 29, 31, 
59, 42, 29, 18, 3, 57, 22, 63, 10, 24, 57, 3, 32, 20, 36, 35, 52, 55, 57, 15, 59, 57, 33, 56, 27, 3, 6, 47, 24, 18, 35, 17, 
46, 49, 0, 32, 21, 50, 22, 28, 39, 58, 47, 30, 11, 59, 44, 34, 27, 62, 28, 36, 38, 31, 41, 45, 46, 39, 2, 26, 41, 35, 46, 29, 
15, 53, 7, 60, 1, 44, 35, 25, 25, 59, 38, 27, 5, 57, 19, 10, 25, 26, 40, 15, 63, 4, 4, 26, 33, 52, 17, 43, 21, 60, 57, 45, 
47, 24, 27, 45, 61, 6, 28, 9, 48, 37, 19, 47, 52, 18, 56, 24, 11, 3, 17, 21, 14, 7, 62, 19, 36, 0, 63, 40, 61, 17, 27, 18, 
58, 62, 44, 42, 54, 57, 39, 61, 49, 30, 55, 40, 29, 51, 46, 28, 50, 2, 0, 35, 36, 13, 24, 22, 54, 24, 60, 11, 6, 46, 15, 44, 
55, 27, 48, 22, 15, 44, 41, 5, 50, 39, 25, 29, 62, 35, 45, 42, 3, 20, 36, 61, 8, 58, 60, 50, 46, 40, 0, 7, 12, 52, 57, 36, 
47, 11, 43, 36, 42, 50, 10, 21, 58, 15, 34, 3, 16, 8, 48, 45, 32, 34, 34, 15, 45, 36, 51, 37, 4, 54, 25, 44, 42, 1, 46, 13, 
43, 8, 7, 38, 23, 34, 16, 37, 32, 14, 4, 56, 7, 19, 61, 29, 37, 59, 55, 7, 50, 27, 44, 28, 47, 33, 5, 47, 7, 22, 19, 14, 
18, 14, 19, 60, 21, 11, 15, 43, 22, 37, 24, 29, 14, 13, 23, 39, 27, 34, 17, 18, 41, 18, 52, 37, 61, 3, 45, 4, 5, 40, 10, 11, 
53, 40, 6, 33, 49, 36, 1, 10, 3, 57, 35, 22, 18, 35, 0, 31, 60, 46, 3, 17, 7, 34, 6, 26, 13, 31, 52, 36, 22, 30, 13, 53, 
62, 37, 35, 35, 32, 31, 53, 8, 8, 1, 32, 43, 53, 26, 43, 58, 55, 21, 30, 48, 15, 10, 20, 37, 31, 30, 54, 24, 59, 23, 36, 34, 
2, 48, 58, 18, 22, 25, 60, 60, 56, 20, 51, 32, 7, 0, 10, 3, 33, 50, 10, 9, 55, 56, 10, 16, 13, 9, 21, 25, 46, 41, 53, 35, 
53, 17, 23, 58, 40, 42, 47, 5, 45, 25, 31, 33, 55, 27, 8, 3, 9, 21, 39, 32, 58, 0, 33, 30, 3, 28, 4, 49, 52, 54, 25, 31, 
31, 26, 5, 18, 4, 39, 21, 14, 24, 36, 10, 50, 52, 38, 30, 35, 52, 2, 56, 51, 34, 5, 61, 29, 56, 48, 12, 18, 20, 48, 40, 56, 
35, 9, 4, 37, 63, 17, 43, 55, 4, 2, 14, 9, 57, 0, 51, 46, 24, 45, 63, 8, 13, 41, 43, 6, 34, 9, 19, 30, 11, 3, 35, 39, 
57, 63, 30, 48, 54, 60, 52, 44, 4, 30, 3, 53, 57, 50, 36, 34, 28, 46, 11, 27, 28, 59, 30, 21, 63, 24, 50, 59, 48, 57, 55, 62, 
8, 19, 60, 26, 17, 55, 48, 38, 32, 47, 63, 38, 28, 49, 17, 43, 56, 1, 20, 17, 34, 27, 45, 33, 2, 9, 21, 21, 58, 24, 31, 45, 
16, 16, 23, 56, 32, 19, 35, 59, 29, 37, 58, 47, 33, 47, 48, 25, 63, 4, 58, 38, 47, 25, 39, 12, 43, 49, 46, 63, 55, 16, 27, 13, 
16, 24, 6, 54, 46, 41, 8, 27, 22, 52, 11, 55, 37, 51, 33, 7, 36, 48, 47, 32, 62, 56, 45, 4, 51, 12, 38, 58, 13, 37, 26, 36, 
1, 12, 55, 13, 13, 32, 26, 18, 27, 1, 8, 51, 25, 63, 7, 48, 15, 46, 21, 43, 21, 53, 34, 33, 41, 12, 24, 42, 14, 8, 1, 53, 
31, 16, 49, 28, 1, 52, 35, 1, 60, 34, 14, 52, 11, 40, 47, 58, 19, 44, 28, 18, 47, 36, 60, 52, 45, 37, 8, 7, 34, 52, 56, 18, 
23, 33, 57, 61, 12, 61, 53, 13, 17, 15, 3, 3, 21, 9, 49, 36, 37, 40, 49, 47, 34, 9, 45, 33, 6, 16, 20, 59, 33, 46, 4, 38, 
62, 32, 8, 32, 37, 39, 38, 58, 24, 50, 62, 45, 12, 49, 27, 29, 39, 33, 12, 56, 31, 45, 7, 51, 23, 29, 6, 46, 58, 46, 54, 33, 
39, 10, 47, 6, 5, 35, 44, 8, 53, 5, 22, 39, 30, 33, 11, 50, 20, 61, 16, 49, 26, 23, 58, 16, 46, 55, 27, 32, 57, 63, 55, 61, 
51, 62, 23, 1, 10, 28, 60, 10, 26, 15, 13, 0, 9, 49, 57, 42, 10, 22, 54, 39, 17, 48, 37, 51, 49, 13, 22, 33, 14, 63, 5, 5, 
56, 1, 45, 50, 36, 32, 17, 9, 38, 9, 21, 28, 38, 43, 3, 26, 19, 3, 11, 2, 36, 35, 24, 27, 51, 6, 38, 26, 29, 46, 29, 5, 
15, 49, 56, 18, 35, 51, 5, 2, 34, 57, 36, 3, 44, 5, 63, 61, 5, 11, 42, 21, 38, 36, 14, 26, 10, 9, 43, 6, 8, 60, 50, 39, 
9, 61, 0, 52, 59, 56, 36, 4, 3, 5, 62, 2, 25, 1, 26, 21, 12, 6, 36, 40, 60, 63, 54, 31, 47, 21, 46, 34, 4, 20, 9, 34, 
48, 59, 18, 27, 51, 62, 21, 45, 30, 13, 63, 61, 19, 47, 41, 7, 30, 59, 46, 50, 49, 54, 4, 40, 17, 62, 6, 55, 0, 36, 5, 26, 
11, 19, 31, 22, 55, 46, 59, 27, 31, 27, 57, 40, 2, 28, 18, 7, 57, 34, 27, 57, 44, 36, 15, 37, 30, 49, 24, 1, 53, 28, 24, 35, 
23, 55, 44, 36, 24, 21, 50, 61, 37, 42, 0, 58, 25, 31, 15, 19, 48, 14, 55, 63, 6, 29, 6, 27, 32, 16, 21, 5, 32, 7, 58, 54, 
2, 20, 31, 11, 16, 47, 0, 58, 22, 19, 50, 51, 40, 37, 18, 45, 0, 30, 25, 42, 19, 48, 7, 34, 53, 60, 23, 21, 16, 54, 40, 19, 
20, 57, 52, 21, 54, 26, 39, 8, 48, 23, 10, 43, 15, 39, 29, 27, 12, 56, 61, 18, 21, 34, 19, 4, 18, 58, 17, 35, 46, 1, 33, 50, 
63, 17, 20, 39, 0, 12, 30, 44, 26, 54, 37, 36, 5, 33, 5, 24, 1, 28, 17, 25, 47, 37, 33, 11, 6, 22, 25, 41, 26, 48, 17, 18, 
18, 36, 33, 41, 37, 30, 39, 28, 41, 27, 12, 49, 50, 1, 4, 48, 20, 46, 48, 24, 52, 3, 18, 35, 57, 35, 1, 22, 44, 13, 37, 16, 
35, 34, 18, 48, 44, 46, 32, 3, 50, 41, 61, 45, 60, 24, 11, 19, 15, 53, 48, 26, 39, 63, 3, 50, 29, 23, 53, 27, 28, 41, 39, 56, 
38, 2, 31, 56, 6, 31, 40, 40, 59, 0, 27, 59, 5, 58, 62, 33, 37, 11, 12, 45, 52, 14, 60, 59, 54, 14, 14, 22, 29, 43, 18, 32, 
62, 40, 0, 37, 47, 57, 48, 56, 4, 49, 48, 61, 9, 2, 50, 5, 53, 38, 5, 27, 61, 41, 22, 22, 50, 45, 14, 51, 60, 16, 49, 12, 
59, 55, 4, 36, 21, 27, 58, 50, 32, 55, 45, 11, 24, 48, 43, 61, 42, 2, 42, 23, 51, 58, 36, 49, 30, 47, 24, 41, 15, 37, 42, 55, 
53, 44, 60, 53, 51, 18, 33, 13, 1, 33, 46, 38, 58, 37, 6, 3, 13, 62, 58, 20, 10, 8, 47, 34, 21, 13, 20, 15, 53, 12, 11, 47, 
22, 40, 38, 2, 42, 58, 40, 9, 16, 53, 56, 49, 34, 29, 6, 47, 50, 13, 28, 0, 41, 45, 31, 36, 36, 23, 51, 14, 23, 40, 12, 21, 
17, 20, 30, 36, 41, 63, 21, 31, 56, 9, 19, 23, 17, 46, 14, 25, 48, 22, 50, 19, 6, 53, 13, 43, 0, 1, 5, 59, 26, 2, 3, 28, 
58, 38, 22, 40, 28, 8, 26, 18, 2, 31, 49, 45, 1, 28, 36, 42, 31, 32, 61, 30, 50, 56, 8, 61, 11, 12, 48, 52, 20, 20, 60, 53, 
58, 1, 35, 20, 50, 35, 17, 25, 9, 21, 38, 53, 18, 1, 51, 22, 4, 60, 49, 47, 36, 56, 42, 13, 17, 36, 5, 38, 42, 22, 6, 40, 
14, 54, 48, 42, 46, 36, 25, 47, 8, 20, 33, 22, 25, 48, 7, 36, 20, 62, 58, 27, 59, 55, 43, 29, 49, 44, 10, 52, 63, 26, 19, 21, 
28, 36, 52, 54, 43, 16, 31, 32, 57, 2, 63, 63, 46, 13, 55, 32, 44, 53, 12, 60, 60, 30, 8, 14, 25, 11, 3, 26, 58, 43, 29, 38, 
22, 62, 61, 39, 15, 42, 32, 28, 10, 35, 25, 15, 5, 52, 1, 9, 7, 4, 17, 0, 48, 39, 24, 48, 45, 39, 38, 6, 49, 59, 39, 54, 
17, 29, 17, 30, 25, 25, 31, 21, 20, 25, 12, 61, 54, 4, 57, 58, 33, 34, 4, 46, 54, 35, 42, 2, 51, 18, 59, 8, 46, 49, 46, 21, 
44, 21, 13, 32, 57, 1, 34, 16, 30, 29, 52, 36, 26, 44, 42, 42, 61, 16, 31, 56, 23, 31, 17, 27, 39, 13, 41, 42, 61, 35, 12, 50, 
30, 45, 22, 55, 17, 7, 1, 58, 17, 48, 16, 25, 39, 51, 37, 33, 33, 29, 6, 11, 32, 53, 14, 5, 58, 8, 34, 25, 19, 25, 20, 29, 
47, 61, 8, 6, 29, 34, 56, 60, 0, 50, 56, 25, 49, 21, 21, 6, 23, 15, 16, 13, 16, 43, 21, 9, 22, 17, 8, 44, 44, 4, 42, 10, 
54, 15, 13, 50, 48, 14, 4, 16, 57, 42, 3, 1, 2, 62, 6, 11, 47, 32, 9, 59, 1, 11, 24, 17, 6, 27, 16, 3, 28, 27, 7, 43, 
53, 39, 45, 37, 7, 33, 52, 22, 37, 12, 15, 36, 59, 63, 6, 2, 12, 11, 38, 37, 25, 42, 14, 54, 36, 44, 29, 36, 7, 57, 9, 25, 
23, 6, 20, 4, 26, 34, 45, 29, 25, 36, 27, 35, 43, 27, 13, 33, 51, 5, 16, 40, 29, 5, 37, 0, 19, 24, 18, 55, 40, 48, 48, 25, 
5, 14, 25, 62, 15, 0, 20, 3, 39, 5, 33, 16, 46, 44, 41, 54, 33, 58, 17, 57, 12, 2, 62, 18, 11, 52, 52, 6, 40, 40, 24, 35, 
36, 17, 19, 41, 56, 13, 0, 35, 30, 36, 22, 18, 29, 4, 5, 37, 59, 50, 36, 22, 38, 55, 18, 1, 12, 48, 44, 22, 53, 43, 51, 10, 
12, 29, 26, 44, 7, 7, 1, 12, 28, 3, 32, 60, 58, 52, 36, 19, 50, 34, 58, 48, 15, 14, 20, 16, 56, 8, 33, 12, 55, 24, 17, 3, 
11, 27, 27, 7, 59, 12, 50, 46, 60, 61, 49, 26, 18, 47, 16, 57, 25, 54, 1, 59, 39, 3, 34, 34, 34, 62, 44, 8, 21, 42, 37, 32, 
22, 51, 25, 18, 63, 56, 49, 59, 42, 6, 6, 42, 24, 13, 20, 38, 44, 16, 43, 3, 29, 57, 36, 46, 45, 48, 3, 11, 60, 22, 21, 34, 
44, 38, 35, 34, 8, 0, 32, 52, 22, 15, 63, 28, 20, 53, 46, 31, 14, 28, 38, 41, 24, 63, 1, 2, 2, 54, 51, 53, 20, 26, 25, 11, 
21, 1, 26, 26, 12, 46, 55, 54, 58, 51, 55, 43, 34, 11, 36, 60, 30, 42, 16, 26, 35, 28, 63, 5, 19, 8, 40, 53, 38, 23, 45, 36, 
63, 52, 1, 9, 25, 40, 21, 6, 46, 20, 35, 27, 3, 32, 8, 19, 0, 42, 44, 32, 20, 59, 47, 19, 25, 15, 51, 12, 56, 49, 52, 34, 
51, 52, 27, 49, 40, 24, 30, 10, 62, 18, 61, 24, 16, 57, 55, 13, 62, 50, 0, 50, 47, 61, 44, 5, 29, 0, 15, 46, 22, 32, 5, 33, 
9, 15, 59, 35, 28, 25, 34, 34, 3, 22, 43, 21, 54, 11, 42, 14, 5, 7, 22, 47, 25, 6, 50, 18, 52, 63, 30, 52, 45, 21, 22, 45, 
5, 49, 57, 26, 24, 18, 23, 18, 0, 52, 29, 5, 31, 26, 6, 20, 32, 37, 60, 35, 31, 44, 30, 17, 19, 32, 17, 13, 16, 31, 8, 37, 
37, 24, 61, 49, 11, 42, 23, 58, 19, 34, 48, 17, 11, 49, 7, 32, 61, 23, 10, 39, 35, 11, 39, 9, 15, 29, 41, 36, 42, 17, 57, 60, 
8, 63, 4, 28, 7, 59, 32, 23, 13, 31, 6, 59, 2, 31, 62, 44, 56, 62, 47, 48, 45, 40, 28, 52, 27, 47, 7, 24, 59, 36, 50, 41, 
11, 58, 20, 59, 30, 53, 54, 49, 15, 51, 12, 49, 62, 18, 48, 41, 0, 7, 46, 8, 19, 9, 31, 8, 35, 16, 60, 54, 25, 30, 23, 26, 
4, 5, 25, 35, 20, 61, 43, 14, 63, 49, 25, 9, 20, 22, 9, 60, 6, 0, 13, 36, 0, 16, 53, 42, 19, 17, 61, 46, 3, 44, 21, 29, 
2, 21, 14, 51, 45, 31, 63, 11, 31, 11, 31, 14, 36, 59, 47, 48, 49, 51, 56, 44, 10, 55, 47, 18, 53, 43, 63, 34, 38, 3, 46, 29, 
3, 30, 37, 0, 61, 24, 55, 53, 47, 57, 18, 40, 15, 12, 23, 53, 47, 53, 1, 12, 25, 62, 44, 2, 3, 21, 22, 33, 45, 35, 40, 61, 
9, 31, 36, 60, 0, 17, 35, 29, 26, 9, 52, 21, 50, 45, 4, 6, 56, 22, 47, 20, 16, 42, 5, 28, 33, 35, 10, 20, 37, 51, 35, 54, 
41, 41, 17, 34, 8, 59, 3, 47, 31, 46, 54, 42, 40, 56, 31, 10, 47, 15, 54, 2, 7, 33, 39, 41, 21, 16, 4, 43, 41, 50, 16, 35, 
13, 7, 35, 11, 34, 39, 12, 4, 49, 62, 53, 47, 25, 18, 33, 19, 38, 28, 4, 53, 63, 49, 29, 61, 59, 32, 8, 16, 54, 50, 55, 22, 
8, 18, 14, 8, 43, 45, 29, 1, 50, 39, 5, 6, 19, 63, 50, 37, 34, 48, 16, 47, 57, 46, 5, 42, 60, 38, 14, 17, 12, 17, 16, 46, 
34, 43, 42, 25, 33, 22, 24, 23, 44, 7, 34, 56, 29, 50, 62, 42, 27, 63, 25, 28, 9, 54, 52, 19, 20, 39, 44, 0, 59, 11, 12, 42, 
61, 6, 56, 33, 35, 32, 37, 45, 30, 12, 41, 20, 3, 14, 47, 63, 7, 37, 42, 63, 31, 51, 6, 26, 8, 47, 22, 59, 21, 29, 30, 35, 
1, 13, 62, 10, 0, 22, 42, 13, 16, 5, 27, 45, 45, 11, 49, 37, 51, 35, 3, 39, 17, 37, 26, 27, 35, 10, 56, 15, 24, 63, 23, 43, 
47, 25, 36, 29, 54, 17, 25, 19, 49, 56, 57, 31, 40, 30, 44, 21, 11, 51, 47, 29, 18, 31, 16, 11, 27, 27, 5, 16, 31, 23, 61, 60, 
15, 32, 46, 1, 51, 28, 0, 55, 6, 25, 15, 33, 13, 30, 44, 14, 16, 23, 26, 13, 48, 43, 53, 39, 38, 54, 32, 32, 0, 39, 1, 42, 
44, 56, 36, 33, 22, 52, 4, 37, 37, 48, 37, 19, 24, 20, 25, 32, 14, 24, 11, 40, 11, 11, 47, 47, 55, 42, 14, 18, 29, 53, 18, 44, 
5, 23, 27, 57, 36, 55, 44, 47, 20, 44, 11, 9, 2, 51, 27, 6, 31, 31, 62, 58, 27, 52, 23, 31, 40, 35, 58, 22, 43, 40, 33, 63, 
9, 25, 47, 36, 52, 12, 49, 33, 35, 18, 4, 47, 38, 37, 45, 38, 38, 63, 18, 43, 23, 29, 4, 24, 38, 14, 2, 49, 39, 21, 49, 1, 
24, 29, 52, 34, 16, 17, 40, 15, 40, 30, 2, 17, 32, 7, 63, 56, 18, 0, 44, 5, 61, 51, 57, 56, 31, 61, 19, 25, 16, 47, 36, 38, 
38, 35, 13, 23, 20, 42, 33, 51, 53, 56, 10, 41, 49, 59, 55, 11, 33, 38, 62, 24, 23, 15, 41, 4, 52, 43, 15, 26, 27, 52, 57, 43, 
10, 1, 62, 60, 11, 57, 1, 5, 61, 59, 26, 57, 19, 2, 24, 47, 56, 17, 46, 37, 9, 0, 22, 17, 45, 13, 30, 24, 50, 16, 11, 34, 
18, 9, 0, 16, 50, 48, 3, 1, 54, 35, 21, 8, 35, 58, 54, 8, 26, 20, 59, 19, 21, 33, 3, 47, 47, 57, 53, 58, 21, 14, 30, 62, 
61, 5, 53, 19, 39, 26, 23, 23, 13, 53, 28, 40, 28, 15, 10, 40, 30, 6, 52, 35, 4, 14, 27, 25, 46, 19, 9, 10, 43, 45, 58, 46, 
20, 16, 10, 19, 13, 1, 29, 47, 63, 14, 13, 54, 38, 31, 40, 9, 11, 24, 47, 41, 1, 11, 14, 9, 0, 34, 41, 29, 47, 19, 33, 30, 
22, 21, 0, 52, 48, 59, 9, 4, 36, 27, 9, 30, 57, 15, 10, 10, 49, 57, 19, 11, 60, 11, 3, 62, 17, 6, 32, 34, 33, 24, 21, 49, 
34, 33, 31, 41, 30, 32, 5, 60, 49, 48, 58, 21, 49, 35, 12, 45, 2, 18, 59, 39, 18, 31, 23, 61, 1, 25, 40, 18, 32, 37, 43, 28, 
41, 35, 11, 26, 28, 58, 29, 18, 20, 55, 63, 33, 24, 45, 35, 12, 14, 38, 18, 12, 18, 27, 12, 11, 49, 17, 50, 54, 14, 29, 7, 21, 
49, 7, 41, 31, 22, 5, 17, 12, 36, 4, 59, 37, 53, 20, 1, 48, 57, 10, 8, 63, 56, 59, 56, 10, 21, 36, 37, 31, 36, 34, 2, 22, 
61, 53, 54, 19, 49, 33, 16, 36, 6, 8, 1, 6, 13, 4, 27, 14, 50, 15, 43, 30, 62, 23, 46, 50, 60, 61, 63, 20, 23, 19, 38, 11, 
58, 47, 48, 55, 4, 28, 53, 48, 58, 29, 62, 34, 36, 6, 48, 62, 28, 19, 16, 39, 11, 24, 34, 25, 61, 46, 26, 43, 26, 44, 32, 57, 
35, 24, 46, 38, 39, 41, 2, 44, 34, 23, 60, 11, 3, 42, 30, 24, 13, 29, 59, 8, 3, 11, 9, 27, 44, 39, 60, 59, 60, 44, 39, 52, 
13, 40, 8, 46, 17, 26, 31, 43, 62, 12, 11, 34, 18, 59, 3, 53, 21, 4, 44, 3, 45, 57, 1, 60, 36, 37, 33, 38, 45, 12, 48, 14, 
3, 14, 28, 61, 34, 34, 27, 22, 7, 36, 30, 11, 53, 54, 50, 25, 7, 27, 58, 34, 63, 45, 18, 59, 62, 57, 20, 50, 14, 5, 35, 7, 
12, 48, 49, 11, 41, 19, 19, 53, 8, 60, 30, 40, 28, 11, 23, 52, 11, 13, 26, 32, 22, 30, 46, 2, 54, 9, 28, 55, 63, 8, 61, 0, 
33, 17, 42, 14, 18, 57, 56, 58, 63, 62, 50, 21, 6, 50, 26, 49, 25, 1, 43, 25, 28, 16, 47, 57, 34, 37, 59, 21, 57, 23, 10, 44, 
0, 56, 11, 34, 21, 19, 63, 56, 45, 46, 1, 34, 35, 27, 25, 35, 41, 52, 61, 57, 49, 57, 29, 44, 33, 19, 28, 44, 11, 48, 0, 37, 
48, 24, 12, 28, 4, 0, 5, 39, 18, 39, 16, 16, 53, 28, 4, 14, 59, 31, 29, 47, 18, 11, 31, 35, 22, 15, 17, 43, 14, 33, 19, 62, 
57, 47, 51, 38, 62, 21, 17, 18, 19, 23, 17, 56, 50, 53, 16, 0, 59, 24, 58, 11, 13, 19, 45, 52, 22, 61, 40, 42, 47, 60, 57, 10, 
39, 26, 56, 40, 8, 2, 52, 55, 7, 50, 60, 49, 31, 8, 63, 58, 19, 49, 57, 14, 14, 61, 59, 25, 52, 33, 47, 6, 0, 53, 38, 5, 
6, 3, 22, 18, 12, 57, 63, 28, 4, 33, 32, 37, 52, 29, 3, 44, 44, 2, 54, 30, 0, 21, 14, 47, 51, 38, 50, 7, 47, 45, 46, 38, 
25, 43, 55, 41, 37, 54, 51, 43, 44, 19, 57, 28, 36, 60, 11, 48, 23, 32, 44, 7, 22, 42, 55, 18, 59, 8, 58, 49, 30, 37, 1, 32, 
33, 43, 62, 12, 0, 31, 13, 39, 56, 30, 20, 37, 22, 9, 6, 29, 38, 25, 28, 21, 58, 63, 55, 59, 13, 51, 35, 39, 39, 63, 27, 8, 
49, 36, 4, 54, 39, 33, 28, 40, 41, 48, 20, 46, 32, 14, 11, 30, 8, 51, 27, 52, 61, 31, 11, 28, 49, 25, 39, 58, 48, 56, 37, 59, 
30, 29, 46, 15, 15, 7, 13, 54, 40, 56, 30, 1, 41, 18, 4, 39, 58, 33, 10, 1, 16, 24, 42, 35, 0, 51, 45, 43, 21, 40, 8, 8, 
56, 38, 23, 33, 53, 11, 22, 52, 47, 38, 61, 18, 41, 3, 16, 60, 45, 30, 23, 57, 33, 23, 20, 36, 19, 61, 63, 21, 59, 35, 5, 63, 
42, 20, 53, 18, 27, 46, 55, 10, 10, 56, 52, 17, 17, 36, 7, 53, 53, 42, 18, 50, 33, 22, 11, 17, 10, 40, 47, 52, 0, 13, 37, 49, 
35, 21, 3, 27, 25, 23, 51, 36, 61, 10, 2, 35, 22, 12, 53, 58, 5, 16, 44, 61, 54, 0, 50, 60, 21, 15, 0, 54, 43, 52, 14, 1, 
15, 35, 43, 49, 21, 49, 45, 2, 16, 8, 44, 9, 39, 43, 5, 10, 23, 52, 33, 24, 62, 48, 51, 23, 20, 55, 19, 45, 9, 14, 57, 7, 
8, 25, 60, 34, 17, 41, 33, 29, 48, 8, 2, 28, 24, 60, 42, 11, 46, 38, 39, 12, 21, 47, 1, 25, 55, 57, 41, 10, 27, 23, 59, 9, 
4, 32, 54, 0, 59, 45, 48, 36, 61, 47, 6, 25, 27, 10, 20, 57, 30, 13, 47, 44, 55, 54, 6, 34, 53, 63, 28, 24, 27, 46, 4, 11, 
13, 55, 37, 53, 7, 20, 10, 18, 29, 35, 9, 54, 51, 32, 57, 41, 17, 30, 38, 20, 13, 40, 12, 61, 48, 25, 26, 10, 4, 6, 30, 44, 
27, 59, 20, 43, 9, 48, 38, 32, 24, 54, 19, 40, 7, 23, 11, 13, 60, 40, 44, 45, 20, 7, 16, 14, 15, 62, 50, 59, 2, 22, 34, 38, 
57, 47, 39, 15, 36, 13, 42, 44, 14, 56, 36, 33, 50, 46, 21, 57, 25, 63, 28, 58, 57, 19, 30, 37, 55, 37, 6, 31, 9, 34, 0, 43, 
61, 9, 50, 17, 8, 33, 47, 5, 1, 51, 48, 43, 24, 31, 28, 37, 59, 12, 35, 3, 36, 55, 27, 52, 12, 32, 63, 41, 15, 2, 61, 51, 
40, 41, 15, 19, 42, 16, 15, 45, 12, 6, 55, 46, 51, 26, 6, 27, 23, 43, 20, 18, 25, 12, 43, 36, 51, 0, 55, 11, 31, 42, 54, 9, 
18, 34, 9, 59, 30, 50, 24, 56, 16, 5, 30, 24, 10, 4, 25, 34, 58, 36, 1, 21, 17, 48, 4, 27, 57, 16, 60, 8, 29, 48, 46, 61, 
19, 28, 27, 53, 38, 33, 37, 8, 8, 2, 54, 43, 3, 18, 43, 24, 33, 57, 62, 5, 43, 33, 47, 40, 22, 0, 56, 41, 24, 43, 51, 63, 
12, 15, 3, 29, 61, 13, 31, 47, 53, 50, 14, 38, 48, 46, 16, 49, 53, 33, 60, 30, 54, 0, 16, 50, 7, 19, 0, 35, 11, 9, 21, 26, 
52, 44, 8, 62, 31, 49, 0, 48, 13, 34, 20, 45, 16, 20, 17, 4, 60, 17, 9, 53, 18, 40, 58, 34, 28, 33, 31, 56, 61, 58, 6, 39, 
50, 49, 31, 52, 28, 12, 9, 10, 51, 57, 23, 6, 0, 47, 56, 52, 51, 7, 45, 32, 42, 33, 24, 40, 31, 14, 12, 63, 50, 16, 61, 13, 
2, 11, 15, 2, 37, 2, 24, 33, 50, 62, 57, 47, 18, 35, 29, 7, 28, 22, 26, 19, 44, 54, 0, 40, 42, 1, 19, 8, 8, 45, 43, 55, 
34, 26, 37, 20, 63, 63, 14, 27, 27, 44, 14, 33, 62, 39, 38, 24, 21, 10, 13, 10, 40, 30, 51, 1, 34, 40, 38, 54, 21, 5, 59, 29, 
8, 17, 25, 48, 21, 1, 47, 39, 43, 17, 20, 62, 3, 12, 14, 25, 59, 51, 58, 47, 25, 41, 23, 9, 30, 48, 32, 53, 39, 13, 4, 29, 
52, 33, 10, 29, 32, 56, 57, 60, 24, 31, 8, 62, 11, 10, 3, 4, 7, 38, 11, 33, 44, 0, 35, 3, 49, 19, 8, 48, 11, 59, 33, 50, 
23, 40, 51, 22, 62, 44, 9, 27, 21, 39, 29, 28, 44, 19, 9, 37, 40, 4, 26, 38, 24, 3, 52, 32, 35, 16, 5, 52, 46, 43, 38, 51, 
42, 21, 61, 5, 41, 32, 57, 0, 53, 45, 35, 19, 57, 29, 36, 52, 11, 51, 12, 35, 59, 39, 61, 41, 40, 22, 11, 34, 49, 23, 2, 44, 
4, 7, 32, 33, 46, 3, 31, 60, 18, 15, 2, 19, 17, 24, 6, 31, 26, 63, 40, 42, 11, 24, 59, 2, 5, 57, 59, 41, 28, 29, 41, 14, 
13, 28, 24, 34, 10, 19, 7, 62, 42, 35, 36, 15, 37, 59, 52, 63, 7, 28, 29, 47, 34, 29, 11, 0, 9, 31, 52, 30, 41, 26, 58, 46, 
41, 23, 0, 28, 63, 32, 49, 52, 38, 33, 19, 46, 58, 23, 42, 9, 19, 4, 35, 21, 61, 48, 38, 62, 26, 13, 23, 16, 32, 54, 46, 44, 
59, 2, 10, 45, 24, 9, 50, 43, 18, 49, 50, 8, 54, 62, 2, 21, 17, 10, 16, 33, 14, 34, 27, 55, 59, 27, 57, 61, 56, 28, 7, 62, 
24, 56, 29, 15, 48, 44, 57, 11, 11, 49, 38, 30, 22, 9, 18, 5, 25, 9, 18, 41, 48, 32, 43, 55, 16, 36, 30, 1, 60, 5, 49, 14, 
37, 54, 45, 44, 15, 18, 19, 22, 3, 63, 26, 46, 14, 7, 59, 36, 23, 19, 20, 24, 55, 5, 26, 60, 37, 7, 3, 9, 25, 50, 35, 29, 
12, 15, 17, 25, 40, 5, 32, 60, 48, 58, 52, 23, 17, 21, 11, 52, 6, 44, 18, 34, 21, 14, 7, 50, 23, 42, 15, 51, 18, 51, 37, 20, 
7, 47, 46, 63, 55, 20, 54, 31, 33, 61, 60, 49, 4, 8, 57, 0, 17, 9, 26, 32, 12, 28, 44, 1, 8, 14, 2, 28, 26, 27, 60, 33, 
49, 32, 1, 44, 43, 32, 24, 8, 14, 21, 38, 42, 49, 28, 54, 13, 37, 33, 54, 34, 16, 45, 29, 17, 10, 4, 33, 27, 28, 2, 62, 38, 
8, 46, 28, 51, 34, 58, 21, 3, 16, 53, 40, 23, 56, 22, 51, 54, 54, 39, 40, 49, 60, 50, 1, 29, 49, 35, 9, 27, 36, 13, 20, 27, 
9, 14, 58, 4, 1, 56, 23, 46, 9, 11, 56, 55, 33, 15, 25, 40, 36, 0, 62, 35, 27, 27, 3, 49, 23, 20, 9, 41, 47, 13, 49, 5, 
59, 34, 26, 46, 35, 63, 39, 0, 30, 28, 2, 12, 43, 12, 49, 8, 10, 41, 28, 33, 29, 60, 46, 46, 38, 41, 35, 13, 26, 60, 33, 44, 
19, 44, 52, 45, 9, 30, 19, 50, 24, 39, 39, 32, 63, 60, 18, 41, 29, 5, 22, 62, 10, 20, 57, 36, 17, 62, 51, 26, 42, 48, 37, 38, 
34, 21, 24, 16, 11, 59, 36, 27, 48, 14, 62, 47, 50, 57, 11, 59, 28, 53, 0, 26, 35, 13, 0, 63, 5, 59, 16, 38, 58, 29, 14, 40, 
37, 35, 30, 59, 61, 6, 38, 11, 47, 38, 45, 35, 31, 59, 12, 43, 3, 18, 31, 41, 13, 23, 20, 16, 5, 6, 22, 39, 30, 63, 8, 61, 
3, 57, 40, 63, 23, 8, 39, 29, 12, 41, 54, 1, 36, 60, 37, 24, 41, 56, 38, 7, 17, 25, 24, 37, 61, 50, 63, 21, 39, 45, 28, 52, 
36, 21, 35, 33, 30, 17, 47, 54, 28, 15, 52, 9, 49, 20, 7, 12, 16, 29, 0, 29, 38, 49, 4, 39, 19, 15, 24, 55, 46, 11, 0, 29, 
34, 38, 31, 41, 2, 53, 13, 19, 24, 22, 29, 51, 57, 17, 60, 48, 63, 6, 57, 6, 6, 34, 48, 21, 54, 28, 2, 0, 55, 60, 55, 39, 
54, 35, 63, 41, 16, 23, 51, 58, 50, 25, 58, 1, 63, 45, 21, 21, 18, 24, 16, 60, 2, 51, 40, 63, 39, 2, 37, 29, 26, 26, 50, 18, 
4, 16, 53, 45, 26, 60, 35, 20, 30, 18, 46, 0, 45, 34, 63, 27, 19, 44, 25, 45, 33, 13, 21, 24, 38, 55, 60, 31, 32, 24, 41, 6, 
45, 34, 61, 47, 15, 46, 44, 62, 38, 56, 7, 53, 48, 52, 27, 60, 59, 27, 46, 40, 3, 7, 53, 0, 32, 45, 31, 2, 12, 8, 25, 14, 
32, 29, 3, 4, 16, 24, 42, 19, 35, 40, 28, 52, 12, 53, 55, 44, 35, 58, 52, 53, 0, 50, 61, 7, 52, 60, 19, 10, 4, 5, 52, 34, 
62, 39, 5, 23, 22, 36, 20, 49, 40, 55, 14, 9, 61, 8, 48, 25, 37, 52, 14, 7, 50, 12, 34, 32, 58, 50, 13, 7, 17, 50, 55, 19, 
1, 22, 43, 29, 60, 23, 3, 46, 20, 39, 44, 49, 36, 28, 24, 10, 36, 20, 9, 28, 21, 9, 38, 3, 12, 6, 58, 5, 50, 62, 11, 40, 
44, 5, 2, 20, 27, 50, 14, 37, 13, 38, 10, 46, 38, 29, 25, 22, 15, 52, 45, 14, 28, 44, 15, 6, 43, 62, 56, 38, 45, 8, 9, 16, 
47, 10, 56, 11, 24, 61, 59, 63, 41, 12, 15, 48, 1, 28, 17, 37, 37, 24, 3, 19, 9, 7, 59, 53, 26, 5, 19, 48, 31, 54, 58, 22, 
19, 42, 9, 6, 10, 7, 12, 59, 26, 0, 34, 52, 59, 14, 20, 58, 47, 49, 5, 42, 41, 13, 49, 38, 3, 61, 22, 49, 45, 28, 27, 37, 
9, 33, 37, 42, 17, 29, 33, 52, 21, 53, 23, 3, 57, 22, 18, 38, 22, 0, 21, 33, 44, 36, 19, 16, 11, 24, 52, 7, 28, 35, 3, 25, 
11, 54, 12, 18, 18, 52, 52, 4, 15, 41, 25, 5, 13, 2, 16, 24, 33, 48, 21, 29, 8, 40, 37, 26, 41, 47, 1, 45, 36, 39, 52, 27, 
27, 56, 55, 18, 26, 14, 22, 10, 20, 42, 24, 60, 29, 54, 8, 46, 2, 61, 60, 1, 14, 2, 50, 31, 4, 32, 3, 36, 43, 51, 34, 17, 
48, 49, 63, 22, 58, 44, 41, 28, 56, 18, 62, 19, 62, 34, 37, 32, 20, 40, 51, 50, 29, 2, 35, 10, 62, 18, 32, 59, 29, 22, 54, 57, 
53, 56, 37, 61, 20, 25, 6, 43, 21, 28, 43, 47, 41, 33, 1, 55, 7, 9, 48, 14, 14, 18, 46, 49, 6, 55, 50, 20, 0, 47, 13, 42, 
32, 3, 44, 61, 15, 12, 41, 41, 27, 13, 36, 2, 23, 42, 4, 50, 31, 8, 45, 62, 34, 60, 52, 18, 40, 57, 1, 27, 35, 23, 1, 37, 
14, 4, 53, 46, 55, 33, 35, 23, 43, 2, 18, 49, 52, 11, 53, 20, 25, 62, 41, 11, 29, 24, 33, 6, 23, 16, 26, 58, 18, 59, 3, 33, 
60, 18, 7, 52, 29, 51, 8, 24, 34, 25, 4, 21, 2, 19, 6, 15, 2, 36, 15, 17, 61, 12, 25, 23, 22, 7, 53, 14, 59, 4, 60, 15, 
54, 7, 0, 48, 5, 53, 11, 1, 58, 47, 23, 63, 40, 38, 10, 31, 26, 8, 20, 15, 10, 56, 16, 0, 17, 63, 34, 8, 44, 40, 6, 63, 
20, 52, 59, 14, 44, 14, 51, 33, 5, 22, 13, 10, 59, 3, 4, 28, 24, 28, 2, 51, 36, 5, 33, 35, 9, 59, 63, 24, 6, 51, 45, 51, 
16, 15, 57, 26, 3, 1, 44, 32, 1, 5, 36, 27, 49, 55, 30, 33, 48, 49, 32, 8, 15, 3, 12, 16, 50, 46, 57, 37, 4, 3, 23, 62, 
42, 1, 57, 3, 17, 28, 34, 10, 12, 54, 43, 40, 62, 50, 63, 38, 57, 6, 8, 35, 52, 37, 13, 19, 47, 33, 36, 16, 35, 14, 9, 13, 
27, 59, 13, 51, 25, 60, 42, 9, 22, 57, 55, 63, 7, 49, 16, 24, 45, 6, 37, 29, 40, 50, 23, 11, 25, 50, 5, 54, 62, 57, 0, 43, 
63, 22, 30, 33, 59, 4, 35, 12, 10, 53, 12, 48, 10, 16, 34, 29, 44, 15, 39, 48, 15, 21, 42, 46, 11, 5, 40, 24, 20, 10, 7, 21, 
26, 40, 38, 31, 62, 36, 48, 54, 58, 30, 41, 36, 59, 25, 23, 55, 37, 57, 17, 60, 26, 13, 42, 16, 0, 51, 60, 32, 33, 22, 54, 62, 
17, 6, 46, 50, 63, 20, 27, 21, 31, 51, 13, 44, 41, 26, 11, 50, 41, 55, 11, 19, 11, 32, 8, 29, 14, 31, 28, 55, 14, 50, 2, 57, 
43, 35, 5, 12, 57, 22, 29, 7, 3, 21, 36, 27, 49, 61, 47, 55, 27, 9, 59, 24, 58, 6, 63, 49, 46, 45, 56, 25, 6, 32, 45, 39, 
35, 3, 29, 26, 18, 40, 61, 49, 46, 60, 18, 20, 36, 34, 47, 44, 29, 26, 3, 7, 39, 38, 16, 35, 14, 3, 18, 55, 62, 63, 14, 31, 
20, 23, 17, 25, 42, 62, 15, 20, 7, 41, 1, 3, 15, 36, 59, 12, 60, 36, 55, 44, 8, 0, 32, 59, 56, 52, 25, 2, 54, 8, 48, 16, 
18, 13, 43, 55, 15, 6, 33, 56, 4, 7, 32, 15, 38, 40, 41, 28, 0, 39, 50, 1, 9, 36, 61, 49, 52, 63, 5, 20, 16, 5, 1, 44, 
62, 5, 6, 41, 42, 48, 42, 62, 53, 54, 46, 38, 44, 21, 14, 30, 50, 59, 8, 13, 1, 28, 37, 17, 51, 30, 60, 40, 12, 51, 46, 47, 
11, 56, 62, 8, 49, 59, 1, 53, 31, 6, 42, 37, 43, 36, 12, 60, 33, 0, 41, 33, 47, 45, 55, 28, 7, 39, 19, 32, 27, 55, 8, 8, 
0, 42, 1, 50, 3, 41, 15, 16, 32, 26, 63, 52, 25, 20, 17, 37, 30, 46, 21, 16, 28, 43, 30, 3, 10, 18, 5, 50, 17, 39, 54, 24, 
46, 28, 58, 13, 39, 54, 33, 60, 62, 29, 30, 49, 29, 30, 52, 62, 4, 23, 36, 14, 49, 25, 23, 55, 23, 30, 52, 16, 13, 49, 28, 45, 
34, 2, 0, 14, 55, 8, 59, 55, 9, 39, 39, 19, 24, 1, 15, 37, 51, 61, 50, 52, 8, 14, 3, 21, 50, 31, 17, 5, 21, 49, 8, 16, 
1, 60, 52, 57, 22, 61, 36, 13, 20, 50, 33, 47, 11, 21, 0, 51, 53, 31, 26, 9, 28, 5, 45, 0, 12, 10, 57, 49, 44, 52, 37, 19, 
23, 54, 18, 26, 2, 37, 46, 51, 23, 39, 56, 29, 32, 30, 4, 62, 10, 35, 34, 13, 19, 41, 45, 49, 59, 6, 22, 59, 50, 27, 16, 33, 
5, 32, 45, 49, 35, 38, 56, 19, 41, 48, 16, 34, 53, 39, 37, 19, 6, 20, 31, 5, 17, 36, 23, 25, 46, 9, 35, 3, 16, 59, 61, 48, 
29, 11, 7, 39, 62, 57, 55, 63, 14, 10, 30, 41, 54, 60, 29, 32, 49, 24, 26, 31, 13, 17, 39, 30, 2, 26, 28, 32, 11, 6, 41, 7, 
34, 15, 43, 58, 17, 8, 7, 39, 40, 60, 22, 53, 1, 14, 23, 54, 46, 11, 10, 4, 19, 49, 58, 36, 42, 37, 62, 8, 28, 3, 17, 18, 
45, 8, 24, 14, 53, 10, 44, 47, 31, 63, 54, 24, 48, 36, 13, 4, 5, 39, 55, 1, 3, 16, 32, 46, 1, 33, 51, 4, 13, 36, 63, 52, 
45, 16, 25, 23, 2, 51, 9, 30, 39, 12, 47, 57, 60, 16, 15, 1, 23, 21, 49, 36, 6, 35, 39, 59, 52, 61, 15, 37, 55, 33, 3, 2, 
5, 19, 12, 34, 30, 47, 20, 43, 31, 8, 21, 37, 45, 43, 11, 59, 38, 33, 6, 63, 57, 34, 18, 11, 22, 57, 35, 30, 30, 46, 16, 27, 
13, 30, 6, 32, 62, 9, 53, 48, 11, 53, 2, 8, 37, 39, 51, 38, 57, 27, 45, 21, 7, 44, 44, 20, 24, 30, 46, 2, 29, 32, 5, 25, 
43, 17, 10, 56, 17, 13, 36, 52, 45, 19, 54, 49, 23, 48, 34, 31, 47, 58, 55, 9, 61, 51, 12, 48, 30, 16, 12, 54, 29, 10, 60, 42, 
26, 63, 30, 7, 32, 47, 7, 33, 9, 52, 19, 37, 53, 59, 54, 13, 44, 31, 4, 62, 56, 27, 11, 0, 8, 48, 49, 51, 32, 28, 62, 12, 
33, 26, 9, 6, 13, 49, 15, 14, 2, 28, 39, 3, 13, 18, 50, 22, 3, 4, 17, 21, 6, 29, 33, 38, 3, 1, 59, 14, 17, 25, 26, 58, 
55, 60, 50, 2, 38, 25, 54, 13, 6, 59, 10, 44, 48, 5, 59, 31, 22, 59, 17, 53, 50, 63, 60, 47, 21, 8, 13, 38, 62, 61, 17, 45, 
39, 28, 2, 57, 20, 36, 0, 51, 24, 13, 11, 38, 53, 1, 61, 22, 62, 48, 47, 22, 31, 46, 14, 56, 7, 2, 20, 17, 32, 31, 39, 8, 
51, 61, 47, 51, 29, 52, 16, 27, 51, 41, 29, 55, 34, 52, 45, 11, 45, 42, 58, 22, 11, 23, 7, 55, 36, 50, 19, 7, 1, 28, 24, 1, 
39, 7, 20, 63, 6, 4, 25, 40, 37, 56, 56, 19, 32, 63, 45, 55, 35, 52, 63, 35, 28, 30, 60, 10, 6, 47, 59, 35, 43, 55, 23, 32, 
35, 17, 20, 18, 31, 0, 56, 42, 34, 16, 51, 15, 18, 19, 22, 45, 9, 11, 15, 55, 56, 14, 28, 59, 40, 60, 12, 46, 41, 32, 59, 25, 
30, 63, 58, 2, 31, 51, 30, 39, 28, 10, 15, 50, 27, 42, 41, 11, 41, 19, 50, 32, 54, 27, 14, 5, 29, 40, 33, 22, 48, 61, 13, 58, 
1, 26, 7, 62, 44, 2, 40, 60, 39, 58, 24, 9, 46, 10, 28, 6, 62, 60, 39, 6, 28, 27, 17, 5, 61, 61, 24, 50, 20, 30, 29, 16, 
55, 29, 9, 43, 49, 0, 13, 28, 0, 9, 39, 59, 40, 1, 61, 25, 48, 43, 49, 50, 42, 32, 33, 34, 24, 42, 29, 52, 30, 54, 38, 53, 
57, 26, 35, 7, 25, 55, 62, 41, 56, 45, 58, 43, 54, 9, 37, 3, 24, 47, 8, 61, 34, 3, 32, 46, 46, 26, 49, 31, 19, 55, 31, 58, 
19, 32, 17, 52, 38, 2, 63, 14, 28, 1, 16, 0, 33, 0, 36, 12, 0, 25, 50, 36, 42, 25, 2, 27, 60, 51, 39, 5, 33, 30, 38, 7, 
46, 1, 29, 59, 12, 36, 47, 53, 52, 31, 8, 59, 13, 44, 28, 52, 16, 63, 30, 11, 53, 16, 20, 32, 7, 25, 52, 26, 15, 36, 58, 22, 
44, 48, 44, 10, 31, 31, 34, 47, 55, 4, 0, 8, 36, 10, 62, 13, 43, 44, 30, 60, 56, 61, 53, 26, 49, 24, 42, 10, 47, 2, 41, 48, 
36, 21, 10, 54, 43, 53, 56, 33, 8, 60, 50, 9, 16, 36, 41, 52, 52, 54, 17, 58, 52, 11, 62, 2, 48, 54, 57, 62, 26, 35, 51, 43, 
61, 12, 31, 46, 61, 32, 48, 9, 18, 18, 29, 53, 29, 0, 63, 49, 27, 43, 25, 2, 56, 37, 36, 22, 17, 43, 41, 54, 40, 22, 5, 55, 
46, 50, 51, 35, 58, 46, 14, 14, 42, 40, 63, 30, 37, 31, 32, 45, 21, 40, 37, 24, 28, 28, 50, 18, 5, 32, 48, 53, 45, 62, 18, 0, 
19, 0, 54, 10, 38, 2, 62, 50, 61, 46, 6, 34, 1, 39, 60, 51, 23, 59, 46, 31, 60, 13, 27, 12, 16, 57, 37, 36, 50, 7, 9, 19, 
58, 26, 28, 6, 4, 5, 36, 10, 11, 57, 37, 5, 21, 17, 38, 55, 10, 1, 63, 56, 40, 2, 22, 25, 5, 40, 25, 44, 33, 10, 38, 18, 
15, 55, 7, 27, 43, 0, 32, 46, 8, 62, 3, 58, 39, 35, 20, 29, 56, 4, 43, 30, 44, 0, 9, 31, 42, 25, 0, 24, 30, 39, 0, 34, 
54, 38, 11, 30, 10, 46, 58, 59, 15, 51, 4, 44, 36, 54, 24, 34, 32, 50, 18, 1, 17, 28, 16, 19, 57, 59, 7, 37, 34, 26, 59, 54, 
29, 17, 23, 8, 2, 30, 61, 37, 44, 7, 33, 39, 62, 44, 41, 46, 40, 36, 58, 37, 30, 22, 1, 45, 6, 8, 28, 34, 18, 11, 26, 12, 
57, 19, 42, 31, 59, 45, 48, 5, 14, 8, 35, 9, 58, 33, 2, 44, 54, 4, 50, 62, 3, 16, 36, 58, 34, 60, 21, 35, 9, 17, 24, 54, 
33, 6, 41, 60, 45, 37, 38, 59, 47, 2, 33, 53, 60, 43, 17, 13, 18, 39, 52, 50, 22, 55, 42, 46, 49, 19, 38, 51, 40, 2, 49, 57, 
25, 37, 41, 59, 31, 59, 45, 61, 26, 57, 1, 35, 57, 63, 22, 20, 17, 24, 19, 57, 15, 23, 60, 35, 35, 59, 14, 43, 22, 34, 42, 53, 
55, 60, 20, 33, 26, 9, 47, 17, 60, 2, 44, 22, 63, 59, 27, 18, 24, 25, 14, 0, 14, 59, 48, 40, 46, 45, 62, 13, 55, 3, 51, 4, 
53, 13, 16, 32, 52, 22, 25, 42, 51, 36, 21, 57, 6, 14, 19, 8, 40, 26, 48, 59, 22, 37, 27, 5, 4, 14, 16, 55, 12, 59, 30, 50, 
6, 3, 20, 43, 5, 10, 18, 19, 12, 52, 54, 49, 54, 40, 1, 33, 39, 14, 24, 29, 63, 18, 3, 43, 61, 58, 46, 47, 57, 1, 25, 45, 
28, 1, 13, 40, 57, 34, 15, 34, 61, 30, 54, 28, 51, 35, 21, 63, 24, 3, 43, 48, 59, 6, 53, 44, 5, 40, 52, 58, 43, 31, 36, 39, 
16, 14, 17, 12, 49, 45, 27, 39, 43, 54, 55, 18, 13, 19, 47, 60, 1, 16, 60, 55, 42, 46, 32, 62, 48, 11, 61, 2, 8, 63, 40, 9, 
32, 3, 32, 20, 11, 26, 32, 30, 9, 11, 47, 18, 37, 11, 48, 3, 58, 19, 58, 16, 1, 14, 16, 24, 52, 10, 35, 61, 18, 42, 55, 23, 
60, 55, 54, 25, 2, 59, 53, 11, 35, 17, 22, 1, 33, 16, 39, 35, 22, 50, 9, 40, 40, 26, 59, 41, 5, 33, 44, 11, 41, 62, 21, 6, 
50, 48, 59, 9, 33, 60, 24, 63, 54, 45, 41, 0, 43, 55, 57, 46, 36, 51, 35, 37, 48, 53, 45, 1, 60, 30, 12, 33, 44, 21, 2, 4, 
3, 47, 51, 52, 47, 35, 44, 21, 36, 30, 59, 16, 42, 61, 58, 5, 63, 12, 57, 45, 23, 43, 7, 8, 34, 49, 29, 23, 52, 20, 31, 15, 
28, 43, 10, 54, 29, 58, 12, 13, 41, 6, 24, 43, 1, 24, 51, 45, 25, 55, 2, 5, 59, 0, 19, 32, 20, 27, 31, 16, 24, 13, 33, 52, 
29, 58, 21, 8, 41, 61, 60, 2, 53, 15, 52, 33, 11, 26, 62, 30, 62, 45, 4, 5, 34, 60, 42, 21, 28, 57, 45, 58, 41, 40, 26, 25, 
45, 25, 1, 56, 37, 43, 7, 11, 18, 4, 57, 50, 49, 9, 59, 9, 48, 14, 11, 7, 59, 33, 50, 51, 43, 38, 28, 10, 41, 11, 60, 29, 
60, 63, 35, 17, 51, 36, 54, 38, 13, 27, 12, 16, 26, 11, 5, 5, 55, 51, 43, 13, 6, 26, 23, 42, 25, 9, 18, 34, 45, 0, 35, 58, 
12, 9, 50, 39, 15, 50, 23, 24, 26, 40, 29, 44, 4, 63, 9, 43, 43, 22, 51, 40, 11, 46, 30, 3, 45, 53, 56, 55, 59, 13, 42, 19, 
54, 27, 36, 37, 14, 63, 20, 42, 30, 45, 42, 13, 14, 39, 63, 48, 18, 6, 0, 28, 37, 20, 5, 4, 38, 33, 15, 59, 34, 54, 17, 20, 
21, 51, 26, 35, 5, 56, 39, 8, 47, 36, 12, 58, 27, 20, 7, 39, 27, 15, 38, 6, 58, 37, 53, 47, 52, 19, 58, 60, 28, 44, 45, 58, 
40, 40, 52, 20, 19, 7, 33, 3, 59, 22, 56, 38, 21, 47, 15, 54, 13, 23, 29, 16, 16, 9, 57, 62, 14, 21, 53, 38, 38, 11, 25, 60, 
52, 60, 40, 46, 58, 27, 7, 20, 37, 15, 44, 16, 12, 40, 14, 18, 43, 57, 0, 8, 3, 5, 38, 52, 60, 14, 27, 40, 35, 7, 36, 15, 
3, 32, 47, 42, 32, 33, 11, 40, 22, 30, 50, 19, 41, 56, 32, 46, 38, 61, 58, 9, 27, 37, 14, 41, 11, 55, 41, 7, 57, 44, 46, 59, 
58, 3, 41, 35, 6, 48, 2, 12, 62, 48, 49, 60, 2, 29, 33, 54, 54, 60, 51, 42, 23, 46, 16, 29, 62, 27, 54, 1, 38, 20, 18, 62, 
0, 43, 28, 4, 48, 8, 15, 17, 16, 60, 48, 36, 35, 52, 58, 51, 40, 31, 30, 3, 32, 7, 58, 13, 59, 36, 37, 36, 56, 46, 57, 58, 
31, 13, 61, 45, 41, 34, 58, 1, 42, 2, 31, 47, 6, 37, 24, 33, 62, 38, 59, 35, 23, 1, 2, 49, 15, 30, 3, 61, 17, 10, 26, 0, 
6, 27, 30, 19, 0, 41, 54, 8, 10, 0, 3, 27, 24, 45, 61, 58, 55, 18, 60, 20, 35, 48, 25, 36, 47, 50, 46, 26, 36, 1, 45, 40, 
32, 28, 25, 5, 56, 31, 14, 0, 51, 1, 26, 15, 42, 5, 8, 13, 58, 59, 51, 22, 5, 13, 26, 19, 11, 58, 30, 53, 50, 17, 55, 2, 
25, 55, 50, 15, 52, 55, 34, 25, 37, 21, 24, 12, 13, 1, 9, 38, 1, 27, 19, 56, 4, 8, 52, 44, 37, 11, 39, 22, 50, 41, 1, 4, 
2, 51, 30, 25, 2, 63, 51, 14, 32, 63, 62, 18, 47, 52, 38, 10, 2, 45, 42, 36, 29, 21, 21, 34, 7, 12, 21, 17, 35, 28, 63, 38, 
10, 37, 59, 57, 61, 25, 6, 11, 50, 40, 11, 15, 16, 11, 12, 50, 39, 1, 48, 46, 52, 49, 50, 45, 26, 10, 25, 1, 37, 41, 19, 2, 
53, 23, 56, 7, 38, 35, 63, 42, 2, 36, 62, 27, 54, 0, 6, 21, 52, 11, 49, 44, 0, 2, 28, 40, 40, 23, 47, 12, 10, 8, 18, 46, 
20, 30, 20, 24, 58, 39, 53, 27, 19, 48, 3, 19, 42, 57, 20, 44, 2, 25, 18, 21, 33, 28, 31, 41, 31, 38, 43, 5, 8, 45, 38, 54, 
56, 8, 63, 5, 15, 18, 30, 10, 38, 51, 30, 56, 4, 30, 16, 14, 7, 7, 46, 3, 19, 27, 42, 11, 20, 49, 37, 49, 12, 39, 60, 60, 
49, 48, 36, 2, 59, 48, 15, 29, 19, 25, 55, 3, 41, 3, 18, 48, 11, 31, 31, 41, 7, 11, 61, 21, 17, 42, 0, 41, 8, 61, 25, 16, 
10, 60, 40, 45, 46, 1, 17, 17, 23, 12, 13, 24, 32, 32, 30, 1, 55, 53, 25, 20, 51, 22, 32, 11, 5, 50, 57, 57, 31, 49, 23, 10, 
21, 46, 32, 63, 23, 18, 46, 3, 5, 34, 8, 1, 31, 9, 6, 28, 9, 15, 8, 24, 58, 3, 29, 13, 0, 7, 38, 40, 31, 33, 47, 37, 
46, 54, 58, 63, 29, 7, 8, 49, 36, 36, 56, 60, 2, 1, 22, 13, 31, 22, 57, 56, 18, 37, 54, 62, 26, 33, 41, 2, 60, 12, 22, 1, 
35, 27, 47, 47, 62, 4, 54, 28, 28, 62, 11, 5, 0, 43, 62, 51, 10, 34, 18, 33, 26, 32, 14, 45, 0, 23, 45, 41, 62, 43, 54, 31, 
15, 17, 5, 3, 28, 56, 41, 15, 40, 33, 38, 60, 46, 62, 63, 9, 61, 18, 4, 16, 49, 13, 55, 1, 44, 22, 50, 49, 55, 22, 52, 5, 
49, 58, 6, 23, 3, 23, 19, 12, 24, 49, 13, 0, 29, 16, 24, 37, 62, 43, 17, 16, 58, 47, 13, 46, 52, 39, 52, 37, 60, 29, 39, 20, 
34, 61, 43, 54, 25, 39, 50, 21, 10, 61, 55, 42, 49, 57, 35, 47, 25, 54, 48, 2, 6, 21, 51, 2, 4, 14, 52, 45, 36, 54, 45, 42, 
0, 12, 14, 51, 42, 26, 17, 14, 38, 22, 46, 53, 11, 52, 56, 15, 40, 16, 49, 28, 35, 16, 17, 29, 23, 12, 22, 60, 17, 22, 44, 29, 
40, 18, 60, 54, 48, 7, 11, 43, 3, 26, 23, 34, 0, 9, 39, 43, 58, 52, 39, 48, 10, 5, 37, 17, 43, 29, 28, 1, 32, 4, 0, 8, 
17, 14, 10, 11, 15, 61, 49, 10, 54, 41, 10, 50, 36, 46, 4, 31, 57, 47, 11, 12, 38, 62, 45, 0, 25, 41, 46, 32, 61, 2, 25, 21, 
3, 41, 11, 55, 51, 35, 3, 27, 21, 54, 34, 5, 5, 47, 0, 37, 29, 12, 37, 0, 2, 59, 52, 57, 10, 37, 42, 39, 55, 21, 28, 25, 
12, 26, 15, 63, 24, 45, 20, 25, 57, 36, 19, 10, 51, 14, 53, 44, 46, 47, 18, 55, 44, 60, 4, 48, 54, 23, 53, 31, 50, 39, 1, 62, 
30, 31, 45, 23, 61, 47, 9, 35, 9, 3, 15, 52, 17, 48, 39, 32, 7, 60, 31, 50, 27, 26, 12, 7, 13, 53, 63, 24, 2, 6, 20, 28, 
56, 33, 57, 28, 62, 41, 22, 31, 29, 19, 17, 62, 30, 55, 3, 52, 23, 21, 61, 14, 34, 52, 56, 8, 20, 61, 46, 28, 43, 63, 29, 45, 
1, 52, 53, 3, 58, 25, 60, 13, 16, 36, 30, 40, 38, 49, 43, 16, 17, 8, 21, 31, 14, 49, 6, 36, 51, 5, 23, 13, 48, 9, 60, 18, 
33, 33, 16, 2, 28, 23, 21, 38, 35, 8, 25, 46, 22, 17, 37, 4, 14, 45, 49, 9, 40, 0, 63, 61, 37, 32, 43, 8, 33, 39, 3, 52, 
18, 57, 25, 43, 12, 3, 55, 54, 23, 39, 42, 26, 16, 17, 41, 15, 54, 35, 34, 22, 13, 13, 52, 42, 14, 11, 62, 16, 41, 53, 10, 19, 
40, 13, 24, 59, 27, 5, 5, 29, 34, 44, 63, 38, 33, 46, 0, 1, 50, 31, 0, 28, 20, 17, 22, 17, 49, 43, 5, 42, 34, 44, 0, 61, 
39, 36, 38, 35, 47, 1, 49, 26, 59, 3, 43, 15, 45, 32, 11, 56, 6, 36, 3, 12, 61, 36, 47, 27, 56, 62, 39, 63, 39, 31, 63, 1, 
21, 49, 62, 32, 57, 58, 55, 13, 17, 18, 26, 60, 2, 49, 7, 15, 30, 7, 12, 22, 18, 7, 1, 15, 15, 44, 38, 54, 8, 52, 44, 33, 
29, 50, 53, 49, 23, 22, 10, 19, 34, 30, 36, 43, 5, 63, 17, 7, 32, 0, 24, 25, 54, 11, 44, 44, 21, 43, 37, 0, 1, 52, 10, 10, 
53, 46, 0, 53, 47, 58, 18, 44, 56, 6, 9, 39, 16, 33, 37, 27, 33, 5, 38, 52, 37, 49, 12, 22, 41, 60, 58, 35, 35, 0, 40, 43, 
46, 22, 5, 31, 49, 10, 51, 46, 39, 12, 21, 0, 41, 1, 20, 23, 35, 19, 60, 15, 46, 15, 57, 25, 58, 26, 37, 41, 4, 38, 34, 44, 
2, 29, 1, 54, 14, 12, 44, 43, 29, 11, 7, 45, 4, 5, 37, 22, 44, 27, 41, 7, 2, 24, 31, 5, 46, 0, 39, 8, 0, 42, 26, 9, 
63, 32, 29, 61, 45, 42, 9, 49, 36, 16, 54, 10, 62, 57, 50, 28, 42, 31, 32, 15, 45, 25, 2, 4, 59, 23, 15, 18, 22, 28, 14, 53, 
48, 60, 52, 34, 55, 32, 29, 60, 3, 22, 43, 47, 51, 54, 41, 55, 10, 45, 48, 11, 14, 36, 24, 34, 30, 43, 44, 33, 57, 5, 61, 50, 
25, 4, 14, 21, 50, 48, 60, 62, 43, 27, 1, 35, 57, 61, 59, 61, 0, 40, 11, 52, 60, 32, 24, 7, 15, 24, 43, 51, 35, 18, 47, 10, 
7, 16, 60, 26, 47, 4, 53, 12, 47, 50, 9, 37, 31, 54, 41, 31, 25, 52, 5, 41, 3, 15, 23, 46, 35, 27, 30, 58, 63, 6, 8, 10, 
22, 38, 3, 18, 47, 9, 37, 34, 62, 53, 25, 30, 14, 15, 61, 19, 58, 58, 0, 14, 54, 53, 13, 24, 20, 4, 1, 55, 34, 40, 38, 2, 
61, 11, 44, 1, 36, 37, 40, 29, 10, 5, 16, 57, 8, 11, 60, 4, 37, 63, 41, 29, 34, 6, 52, 11, 3, 47, 63, 13, 3, 18, 49, 32, 
42, 21, 10, 4, 63, 53, 22, 59, 44, 14, 44, 13, 27, 26, 32, 35, 8, 47, 18, 28, 26, 51, 5, 24, 29, 44, 15, 18, 53, 4, 18, 54, 
23, 18, 51, 12, 13, 25, 63, 10, 62, 46, 20, 5, 61, 52, 19, 50, 11, 50, 56, 11, 3, 63, 1, 37, 6, 14, 40, 1, 60, 3, 62, 34, 
57, 29, 19, 60, 49, 1, 24, 51, 9, 31, 10, 62, 21, 33, 41, 38, 8, 38, 22, 35, 44, 33, 19, 46, 28, 4, 41, 14, 15, 13, 52, 63, 
61, 24, 58, 13, 6, 54, 29, 33, 39, 5, 16, 11, 5, 9, 61, 17, 45, 7, 19, 52, 30, 34, 55, 43, 52, 61, 37, 8, 37, 18, 20, 25, 
6, 37, 39, 41, 29, 15, 2, 6, 19, 20, 30, 8, 30, 58, 28, 0, 49, 25, 3, 15, 47, 0, 2, 48, 5, 10, 29, 29, 23, 57, 2, 36, 
2, 0, 57, 60, 45, 30, 16, 18, 33, 16, 58, 13, 26, 41, 18, 48, 23, 63, 35, 59, 54, 43, 45, 29, 48, 47, 22, 33, 39, 37, 39, 38, 
6, 22, 25, 24, 25, 43, 10, 5, 14, 17, 57, 21, 60, 32, 44, 40, 50, 57, 13, 18, 51, 7, 25, 10, 21, 37, 9, 10, 50, 62, 7, 48, 
12, 38, 2, 46, 3, 29, 6, 14, 39, 18, 5, 40, 23, 41, 44, 36, 14, 3, 16, 3, 28, 25, 8, 40, 43, 33, 11, 44, 48, 19, 1, 12, 
50, 0, 26, 33, 32, 35, 43, 50, 24, 53, 48, 18, 56, 60, 48, 52, 46, 62, 9, 52, 59, 32, 22, 63, 11, 61, 29, 20, 15, 23, 35, 22, 
44, 8, 34, 44, 60, 47, 39, 27, 59, 17, 6, 29, 28, 53, 11, 42, 28, 10, 3, 57, 50, 33, 49, 19, 22, 24, 52, 10, 33, 20, 47, 46, 
16, 47, 29, 8, 21, 57, 1, 21, 4, 52, 42, 33, 45, 63, 55, 37, 45, 45, 11, 37, 32, 39, 52, 29, 2, 32, 39, 31, 49, 14, 8, 9, 
7, 34, 36, 48, 51, 40, 52, 3, 3, 20, 28, 14, 9, 57, 21, 25, 48, 33, 35, 7, 22, 1, 41, 38, 36, 21, 24, 55, 40, 6, 34, 59, 
9, 16, 16, 12, 22, 53, 27, 21, 14, 47, 7, 28, 17, 44, 48, 34, 41, 30, 22, 37, 37, 11, 20, 10, 39, 59, 50, 43, 0, 20, 11, 21, 
14, 44, 9, 20, 42, 0, 22, 52, 61, 22, 50, 14, 11, 18, 28, 54, 43, 13, 7, 56, 20, 5, 3, 7, 57, 52, 48, 61, 56, 8, 47, 32, 
39, 27, 33, 38, 12, 7, 14, 2, 35, 32, 20, 25, 36, 57, 16, 27, 17, 5, 63, 17, 26, 45, 15, 21, 4, 42, 2, 62, 33, 31, 16, 1, 
16, 5, 25, 36, 12, 1, 37, 23, 32, 50, 8, 26, 1, 33, 42, 22, 47, 37, 24, 39, 48, 15, 39, 37, 55, 28, 2, 10, 14, 44, 8, 13, 
0, 25, 28, 20, 63, 49, 0, 47, 48, 1, 22, 29, 31, 23, 58, 12, 57, 11, 7, 26, 43, 21, 48, 62, 2, 27, 48, 12, 38, 58, 59, 6, 
19, 49, 63, 18, 60, 19, 56, 10, 8, 7, 5, 19, 46, 35, 27, 33, 48, 16, 25, 17, 2, 30, 38, 16, 52, 24, 51, 45, 27, 62, 33, 15, 
24, 54, 44, 57, 60, 20, 19, 30, 37, 49, 17, 13, 34, 0, 40, 2, 9, 47, 36, 3, 7, 15, 55, 14, 21, 24, 35, 7, 9, 20, 44, 25, 
10, 54, 1, 42, 45, 17, 2, 10, 36, 62, 4, 55, 13, 60, 28, 58, 40, 18, 27, 51, 63, 24, 38, 60, 3, 32, 63, 6, 38, 4, 42, 43, 
38, 10, 44, 9, 57, 33, 1, 35, 52, 25, 53, 14, 19, 48, 2, 51, 16, 23, 19, 50, 19, 8, 52, 4, 24, 16, 42, 31, 53, 24, 57, 22, 
16, 2, 36, 30, 30, 11, 10, 55, 14, 57, 37, 34, 6, 10, 12, 52, 15, 58, 51, 20, 3, 36, 46, 20, 12, 19, 2, 19, 31, 19, 51, 1, 
8, 27, 45, 55, 51, 24, 53, 27, 4, 15, 12, 7, 10, 9, 18, 36, 63, 46, 32, 47, 57, 17, 10, 4, 35, 33, 45, 31, 61, 55, 20, 32, 
63, 38, 20, 12, 58, 24, 22, 36, 43, 26, 29, 57, 59, 58, 40, 38, 19, 26, 60, 7, 0, 43, 16, 25, 41, 8, 11, 45, 55, 60, 33, 34, 
61, 4, 57, 17, 59, 9, 6, 0, 32, 21, 39, 6, 35, 52, 7, 35, 21, 52, 0, 44, 56, 47, 53, 2, 28, 0, 19, 11, 19, 43, 3, 12, 
43, 20, 33, 43, 39, 6, 60, 44, 44, 37, 55, 36, 60, 16, 1, 33, 29, 4, 21, 24, 49, 47, 27, 32, 20, 1, 47, 9, 13, 50, 55, 30, 
59, 3, 6, 33, 20, 60, 49, 50, 30, 29, 62, 10, 5, 14, 13, 32, 25, 63, 25, 11, 22, 3, 15, 61, 8, 59, 39, 28, 20, 50, 5, 16, 
14, 61, 31, 30, 44, 4, 60, 29, 54, 35, 24, 22, 19, 21, 44, 49, 54, 61, 63, 41, 59, 25, 4, 46, 28, 6, 58, 37, 7, 57, 32, 23, 
27, 28, 20, 24, 5, 61, 8, 35, 19, 60, 2, 21, 51, 35, 0, 15, 55, 36, 9, 14, 12, 61, 8, 38, 39, 60, 61, 0, 10, 59, 61, 0, 
43, 29, 47, 9, 41, 18, 10, 37, 21, 30, 44, 4, 39, 23, 47, 12, 31, 35, 22, 57, 11, 47, 60, 26, 12, 53, 13, 49, 46, 33, 48, 38, 
15, 43, 54, 55, 48, 45, 57, 35, 58, 37, 39, 20, 30, 58, 59, 38, 8, 34, 32, 30, 58, 6, 36, 52, 63, 22, 26, 5, 44, 44, 62, 26, 
38, 13, 17, 24, 50, 61, 57, 21, 51, 60, 59, 10, 25, 56, 52, 16, 54, 5, 23, 0, 17, 30, 3, 6, 56, 52, 30, 25, 31, 13, 25, 19, 
60, 11, 40, 7, 30, 17, 43, 26, 10, 28, 47, 19, 48, 19, 17, 40, 48, 2, 28, 42, 32, 50, 21, 0, 35, 25, 40, 35, 53, 13, 29, 57, 
11, 52, 9, 58, 34, 33, 53, 3, 50, 47, 43, 31, 16, 58, 20, 21, 45, 0, 51, 24, 59, 13, 8, 31, 22, 14, 6, 17, 31, 45, 57, 52, 
40, 4, 42, 62, 32, 44, 26, 48, 57, 52, 33, 52, 38, 33, 61, 6, 28, 51, 47, 30, 46, 62, 45, 45, 42, 17, 22, 54, 32, 9, 15, 11, 
16, 4, 35, 5, 15, 14, 42, 9, 22, 17, 59, 47, 7, 54, 6, 3, 24, 0, 38, 45, 5, 28, 7, 59, 38, 58, 19, 33, 41, 55, 30, 50, 
22, 54, 61, 48, 56, 5, 58, 38, 5, 46, 37, 61, 53, 30, 3, 8, 41, 44, 6, 39, 41, 14, 43, 29, 57, 9, 34, 21, 32, 40, 60, 43, 
26, 22, 46, 59, 24, 30, 13, 17, 11, 16, 32, 5, 17, 60, 16, 44, 36, 51, 19, 10, 54, 2, 34, 15, 50, 30, 31, 33, 41, 25, 0, 47, 
52, 56, 56, 40, 28, 61, 28, 1, 16, 10, 37, 44, 51, 40, 56, 33, 17, 49, 9, 33, 27, 24, 48, 7, 36, 14, 32, 35, 21, 30, 46, 44, 
61, 41, 41, 8, 20, 31, 20, 32, 2, 46, 1, 28, 20, 32, 27, 34, 14, 7, 0, 58, 48, 14, 30, 9, 54, 7, 8, 62, 54, 26, 36, 18, 
22, 13, 58, 63, 42, 63, 27, 59, 45, 6, 31, 11, 10, 21, 43, 48, 14, 48, 31, 41, 5, 14, 15, 8, 1, 55, 47, 20, 29, 42, 21, 26, 
20, 37, 3, 10, 10, 23, 6, 9, 9, 47, 24, 6, 49, 36, 16, 23, 35, 13, 8, 5, 48, 52, 38, 4, 18, 9, 35, 58, 55, 3, 12, 11, 
3, 56, 18, 35, 47, 26, 23, 21, 55, 55, 15, 6, 25, 13, 28, 20, 49, 30, 53, 50, 26, 46, 20, 33, 49, 8, 30, 25, 22, 61, 18, 40, 
19, 27, 28, 34, 50, 42, 2, 1, 25, 13, 29, 57, 59, 30, 38, 7, 29, 21, 3, 26, 14, 34, 17, 55, 4, 16, 12, 52, 46, 5, 19, 63, 
48, 19, 32, 57, 37, 56, 16, 23, 23, 7, 36, 56, 44, 33, 12, 1, 8, 47, 23, 40, 49, 29, 44, 57, 33, 28, 42, 32, 59, 52, 9, 18, 
60, 56, 16, 3, 19, 51, 8, 33, 25, 24, 52, 39, 43, 4, 8, 45, 50, 58, 52, 11, 38, 13, 29, 13, 62, 31, 35, 39, 36, 30, 31, 35, 
28, 46, 9, 38, 38, 37, 17, 20, 38, 19, 6, 30, 24, 53, 4, 43, 25, 54, 10, 16, 58, 53, 44, 12, 12, 6, 48, 16, 46, 37, 5, 44, 
52, 22, 15, 25, 41, 35, 49, 1, 7, 63, 13, 49, 58, 47, 23, 29, 0, 13, 5, 6, 34, 56, 34, 5, 31, 53, 49, 31, 47, 61, 37, 18, 
44, 23, 15, 56, 21, 9, 27, 40, 6, 18, 60, 57, 29, 17, 55, 21, 25, 36, 24, 37, 24, 61, 45, 55, 56, 45, 3, 45, 13, 14, 55, 17, 
50, 27, 26, 50, 28, 28, 32, 7, 28, 41, 12, 13, 23, 22, 25, 61, 53, 57, 18, 37, 56, 19, 44, 38, 16, 61, 11, 37, 19, 19, 17, 58, 
50, 59, 20, 48, 51, 54, 50, 19, 26, 17, 11, 10, 22, 21, 11, 61, 38, 41, 33, 33, 52, 23, 56, 14, 13, 28, 15, 21, 59, 28, 23, 9, 
47, 46, 47, 59, 11, 28, 33, 38, 10, 18, 30, 5, 36, 40, 63, 18, 3, 39, 32, 7, 7, 52, 58, 15, 51, 11, 14, 60, 14, 25, 24, 26, 
17, 52, 59, 27, 47, 34, 40, 43, 49, 17, 35, 4, 45, 57, 52, 5, 46, 16, 41, 2, 22, 63, 12, 25, 36, 45, 60, 28, 5, 20, 45, 26, 
45, 46, 2, 53, 12, 27, 44, 7, 26, 19, 0, 52, 7, 1, 36, 23, 49, 55, 17, 32, 10, 1, 11, 31, 39, 62, 38, 50, 38, 43, 7, 20, 
31, 62, 7, 58, 46, 8, 57, 53, 45, 26, 18, 0, 55, 30, 43, 19, 20, 4, 2, 40, 56, 3, 13, 18, 46, 49, 61, 37, 4, 2, 55, 8, 
29, 36, 28, 52, 38, 8, 9, 10, 1, 14, 28, 13, 9, 31, 31, 54, 1, 49, 7, 24, 28, 11, 39, 33, 20, 40, 5, 12, 36, 32, 38, 6, 
17, 7, 49, 14, 11, 33, 12, 40, 47, 21, 17, 63, 1, 52, 21, 6, 63, 60, 5, 4, 37, 12, 22, 5, 61, 62, 47, 52, 31, 34, 45, 7, 
3, 40, 32, 0, 19, 24, 19, 34, 23, 18, 35, 55, 36, 41, 38, 29, 41, 31, 44, 21, 42, 17, 7, 14, 37, 23, 16, 25, 17, 13, 8, 2, 
6, 29, 28, 17, 12, 53, 18, 9, 13, 42, 28, 13, 0, 4, 22, 12, 1, 35, 63, 38, 57, 8, 28, 52, 47, 39, 21, 5, 53, 27, 36, 59, 
15, 44, 43, 46, 46, 31, 30, 47, 23, 63, 52, 19, 0, 34, 42, 8, 50, 30, 1, 60, 32, 23, 40, 0, 41, 2, 47, 57, 30, 45, 62, 48, 
40, 1, 43, 44, 0, 8, 52, 58, 17, 29, 14, 45, 10, 62, 23, 9, 45, 39, 45, 51, 31, 54, 47, 34, 18, 41, 58, 62, 34, 14, 0, 13, 
6, 32, 27, 42, 1, 48, 46, 23, 49, 38, 22, 35, 55, 31, 15, 20, 6, 7, 56, 2, 63, 34, 33, 5, 21, 2, 29, 8, 24, 57, 43, 19, 
40, 31, 1, 39, 5, 12, 58, 15, 47, 28, 54, 58, 22, 20, 35, 37, 19, 51, 24, 32, 7, 21, 60, 62, 33, 49, 42, 2, 48, 35, 61, 55, 
17, 26, 51, 61, 9, 8, 19, 25, 40, 1, 43, 34, 41, 46, 53, 63, 39, 52, 34, 2, 19, 48, 12, 49, 58, 28, 55, 59, 8, 24, 46, 22, 
18, 40, 12, 63, 16, 38, 25, 34, 19, 2, 7, 35, 42, 53, 0, 25, 1, 16, 32, 50, 20, 37, 42, 21, 15, 1, 33, 6, 42, 22, 41, 5, 
36, 42, 61, 18, 25, 48, 55, 53, 55, 45, 44, 58, 10, 8, 22, 59, 30, 34, 6, 29, 54, 39, 22, 62, 18, 57, 42, 30, 50, 32, 38, 7, 
23, 54, 43, 33, 56, 63, 18, 13, 48, 20, 55, 6, 32, 44, 24, 34, 41, 41, 1, 24, 27, 4, 23, 32, 61, 0, 63, 12, 55, 26, 54, 31, 
59, 13, 49, 21, 7, 42, 63, 11, 52, 40, 38, 0, 33, 16, 57, 62, 15, 41, 16, 4, 19, 6, 9, 48, 5, 54, 33, 23, 2, 59, 4, 27, 
42, 46, 5, 49, 11, 8, 42, 53, 54, 11, 50, 46, 61, 63, 13, 25, 14, 13, 55, 32, 33, 12, 57, 8, 40, 7, 25, 6, 8, 23, 59, 54, 
34, 43, 29, 25, 15, 62, 18, 30, 25, 40, 20, 3, 23, 33, 24, 9, 53, 8, 47, 6, 27, 19, 50, 58, 60, 39, 5, 52, 52, 21, 63, 40, 
35, 11, 37, 10, 10, 43, 59, 8, 2, 42, 45, 30, 28, 39, 41, 35, 48, 20, 39, 39, 11, 63, 27, 28, 59, 62, 55, 57, 46, 28, 33, 45, 
41, 33, 55, 5, 12, 62, 1, 55, 12, 25, 16, 24, 37, 45, 22, 11, 37, 7, 57, 36, 39, 35, 61, 41, 63, 22, 9, 4, 55, 15, 29, 42, 
34, 45, 16, 55, 35, 9, 17, 35, 41, 6, 61, 8, 31, 61, 19, 4, 21, 4, 37, 48, 57, 32, 42, 62, 42, 30, 62, 43, 19, 50, 1, 16, 
37, 62, 13, 22, 12, 31, 52, 45, 28, 13, 5, 41, 5, 17, 46, 60, 16, 1, 14, 43, 34, 18, 25, 61, 3, 40, 2, 15, 27, 35, 54, 49, 
41, 49, 11, 22, 48, 62, 12, 41, 21, 42, 37, 1, 33, 23, 5, 58, 46, 29, 24, 2, 30, 17, 50, 36, 7, 34, 50, 19, 12, 18, 44, 3, 
38, 29, 6, 35, 55, 32, 14, 37, 46, 61, 40, 9, 1, 43, 15, 39, 9, 49, 17, 23, 47, 16, 21, 20, 11, 31, 60, 53, 58, 10, 13, 51, 
51, 10, 13, 6, 60, 45, 40, 39, 56, 8, 58, 24, 54, 27, 26, 4, 29, 15, 57, 6, 36, 8, 56, 0, 3, 1, 62, 22, 28, 37, 21, 12, 
23, 5, 17, 51, 1, 57, 47, 51, 25, 52, 20, 61, 28, 60, 27, 36, 31, 54, 37, 7, 38, 60, 40, 35, 37, 39, 6, 46, 0, 6, 63, 11, 
50, 42, 49, 27, 44, 37, 9, 58, 46, 57, 0, 6, 37, 38, 12, 26, 39, 16, 56, 4, 24, 57, 2, 61, 7, 21, 48, 30, 51, 15, 25, 38, 
36, 35, 30, 19, 11, 46, 13, 48, 56, 50, 31, 14, 20, 22, 44, 54, 6, 58, 53, 32, 48, 2, 24, 39, 5, 29, 22, 45, 3, 13, 46, 34, 
59, 41, 48, 3, 53, 15, 13, 38, 30, 1, 25, 54, 56, 62, 17, 52, 35, 51, 43, 46, 12, 44, 36, 58, 53, 29, 3, 17, 11, 34, 9, 26, 
2, 26, 6, 53, 18, 14, 31, 45, 0, 31, 16, 23, 60, 2, 27, 9, 24, 47, 10, 58, 23, 63, 56, 19, 29, 18, 62, 20, 53, 19, 23, 8, 
14, 45, 1, 56, 10, 53, 35, 21, 25, 9, 42, 57, 55, 35, 61, 25, 54, 26, 16, 54, 44, 25, 14, 55, 2, 24, 51, 18, 2, 38, 19, 49, 
39, 61, 47, 15, 61, 17, 20, 21, 56, 46, 31, 17, 36, 36, 44, 42, 52, 17, 43, 25, 54, 9, 61, 8, 26, 21, 28, 7, 8, 0, 16, 50, 
7, 11, 18, 10, 24, 18, 31, 28, 0, 37, 11, 37, 57, 50, 50, 57, 16, 40, 21, 10, 14, 9, 34, 39, 34, 46, 6, 2, 4, 30, 46, 25, 
38, 35, 10, 39, 21, 34, 43, 46, 36, 28, 2, 3, 45, 14, 9, 22, 55, 5, 48, 63, 47, 4, 49, 34, 28, 29, 42, 30, 35, 58, 1, 10, 
12, 44, 46, 5, 0, 39, 35, 49, 9, 62, 59, 41, 19, 47, 10, 37, 58, 45, 2, 43, 34, 28, 58, 36, 49, 53, 25, 19, 30, 19, 41, 33, 
0, 57, 25, 27, 37, 46, 41, 8, 23, 24, 8, 1, 60, 47, 1, 4, 17, 12, 56, 45, 41, 4, 32, 7, 3, 13, 63, 43, 21, 61, 47, 28, 
55, 7, 55, 25, 15, 42, 62, 37, 20, 49, 4, 38, 25, 51, 16, 51, 10, 41, 63, 25, 52, 20, 48, 4, 47, 44, 39, 3, 23, 23, 22, 52, 
3, 46, 15, 11, 26, 32, 15, 29, 53, 4, 40, 59, 34, 40, 7, 41, 61, 6, 10, 13, 12, 2, 0, 22, 13, 47, 1, 54, 36, 42, 20, 13, 
53, 19, 3, 20, 7, 11, 10, 5, 14, 16, 31, 12, 10, 43, 57, 63, 10, 37, 7, 2, 10, 16, 40, 36, 31, 28, 37, 41, 49, 10, 42, 39, 
35, 21, 11, 46, 58, 6, 8, 52, 63, 51, 41, 9, 50, 11, 46, 45, 43, 26, 11, 10, 21, 27, 39, 18, 45, 20, 55, 6, 2, 52, 29, 5, 
26, 27, 8, 33, 22, 40, 11, 2, 5, 31, 29, 0, 34, 61, 33, 7, 58, 11, 28, 1, 12, 56, 37, 13, 36, 48, 50, 53, 56, 9, 30, 3, 
32, 14, 43, 8, 54, 35, 3, 0, 30, 12, 52, 33, 18, 5, 40, 22, 61, 9, 31, 38, 58, 61, 51, 40, 4, 20, 39, 42, 38, 32, 41, 49, 
4, 27, 6, 63, 32, 26, 59, 5, 35, 25, 13, 18, 1, 60, 23, 0, 6, 46, 7, 59, 63, 48, 17, 7, 49, 12, 32, 25, 35, 25, 11, 42, 
39, 6, 37, 7, 53, 58, 49, 48, 7, 59, 55, 58, 10, 55, 38, 5, 42, 55, 35, 49, 10, 39, 37, 7, 41, 11, 13, 40, 12, 33, 4, 52, 
3, 38, 9, 25, 24, 49, 41, 24, 10, 62, 36, 32, 43, 55, 63, 58, 8, 14, 0, 0, 54, 19, 57, 1, 22, 7, 61, 15, 12, 35, 4, 17, 
35, 41, 38, 22, 25, 56, 52, 59, 2, 1, 21, 4, 37, 43, 36, 13, 39, 23, 35, 3, 2, 32, 0, 33, 58, 59, 36, 43, 58, 44, 45, 55, 
2, 37, 44, 59, 16, 53, 57, 0, 59, 35, 50, 46, 22, 2, 54, 34, 20, 34, 12, 30, 26, 11, 2, 41, 45, 9, 47, 37, 27, 20, 5, 51, 
47, 56, 4, 50, 5, 31, 22, 61, 41, 42, 10, 25, 20, 27, 8, 11, 63, 3, 62, 19, 32, 0, 25, 35, 26, 23, 49, 2, 39, 61, 33, 15, 
6, 43, 22, 14, 17, 28, 6, 50, 9, 7, 51, 40, 55, 19, 26, 22, 57, 31, 38, 8, 63, 29, 20, 29, 44, 47, 57, 52, 61, 20, 59, 45, 
14, 30, 34, 35, 33, 15, 32, 20, 4, 8, 19, 2, 21, 5, 27, 58, 24, 52, 33, 47, 27, 60, 46, 9, 48, 50, 38, 7, 45, 25, 8, 27, 
12, 55, 53, 32, 43, 49, 39, 19, 58, 9, 8, 9, 31, 31, 9, 38, 60, 46, 31, 44, 48, 43, 18, 19, 16, 22, 37, 0, 19, 26, 58, 50, 
46, 54, 45, 9, 11, 61, 57, 12, 19, 42, 52, 38, 19, 13, 32, 6, 1, 50, 29, 19, 3, 26, 38, 13, 5, 50, 44, 3, 16, 44, 55, 57, 
37, 63, 1, 45, 46, 23, 39, 27, 47, 3, 28, 13, 38, 47, 18, 3, 33, 35, 13, 43, 55, 1, 48, 63, 42, 61, 40, 15, 51, 55, 61, 36, 
55, 36, 1, 34, 33, 51, 27, 5, 5, 10, 29, 17, 55, 21, 31, 63, 19, 51, 40, 8, 18, 36, 1, 52, 8, 2, 11, 60, 57, 4, 6, 19, 
38, 40, 0, 8, 36, 13, 38, 9, 18, 4, 28, 22, 44, 0, 56, 59, 48, 51, 42, 63, 43, 27, 21, 49, 33, 9, 29, 13, 35, 15, 27, 7, 
51, 29, 44, 59, 42, 51, 9, 33, 23, 4, 11, 36, 49, 8, 60, 62, 41, 11, 31, 39, 55, 45, 23, 28, 7, 57, 16, 47, 42, 24, 48, 14, 
13, 49, 61, 36, 27, 4, 3, 20, 33, 41, 10, 15, 29, 43, 7, 32, 53, 16, 2, 42, 17, 1, 52, 2, 33, 56, 48, 47, 53, 18, 49, 38, 
52, 18, 7, 28, 6, 11, 47, 8, 55, 20, 37, 33, 18, 42, 12, 40, 46, 13, 8, 6, 26, 61, 59, 1, 24, 63, 60, 43, 19, 48, 49, 55, 
34, 12, 57, 8, 55, 50, 28, 53, 61, 51, 3, 60, 4, 10, 27, 28, 53, 49, 17, 37, 62, 30, 42, 54, 18, 43, 44, 13, 16, 27, 50, 0, 
31, 45, 4, 29, 0, 16, 54, 9, 45, 50, 25, 39, 48, 5, 37, 53, 38, 40, 36, 51, 52, 29, 22, 46, 11, 45, 47, 55, 17, 40, 9, 24, 
20, 33, 61, 58, 36, 38, 14, 30, 31, 59, 2, 34, 43, 1, 3, 35, 61, 22, 40, 50, 32, 2, 42, 7, 28, 6, 37, 0, 38, 57, 56, 27, 
41, 48, 6, 14, 49, 6, 33, 42, 54, 41, 45, 16, 18, 11, 59, 0, 32, 42, 27, 6, 31, 48, 43, 4, 57, 47, 34, 6, 62, 10, 8, 25, 
47, 27, 49, 13, 19, 57, 37, 3, 1, 29, 43, 42, 50, 10, 0, 19, 47, 56, 39, 53, 29, 62, 27, 18, 63, 48, 3, 8, 59, 17, 58, 4, 
32, 59, 10, 61, 16, 60, 37, 38, 34, 45, 56, 10, 16, 16, 60, 13, 9, 59, 31, 51, 19, 19, 17, 35, 61, 63, 52, 20, 16, 21, 7, 11, 
62, 19, 3, 17, 17, 5, 48, 56, 26, 48, 24, 20, 13, 46, 51, 18, 12, 41, 11, 23, 39, 52, 48, 35, 47, 58, 5, 10, 19, 55, 28, 53, 
31, 43, 44, 18, 7, 37, 53, 59, 63, 13, 10, 4, 50, 9, 42, 51, 45, 35, 54, 11, 20, 25, 17, 53, 14, 47, 55, 50, 50, 45, 43, 41, 
51, 3, 41, 16, 8, 40, 60, 1, 35, 22, 33, 44, 59, 58, 53, 18, 6, 51, 0, 47, 61, 37, 9, 8, 0, 57, 9, 54, 55, 63, 22, 20, 
26, 58, 5, 0, 52, 12, 46, 62, 61, 62, 42, 19, 21, 6, 34, 63, 15, 13, 48, 19, 8, 22, 19, 61, 57, 12, 39, 25, 27, 7, 51, 16, 
17, 57, 0, 36, 29, 28, 7, 59, 48, 47, 57, 35, 44, 15, 63, 53, 24, 12, 45, 19, 38, 37, 44, 59, 22, 63, 59, 39, 23, 17, 48, 8, 
56, 24, 35, 40, 4, 41, 46, 62, 27, 13, 3, 16, 33, 47, 39, 61, 25, 35, 37, 45, 45, 26, 47, 43, 2, 10, 52, 36, 61, 58, 44, 18, 
54, 2, 40, 19, 18, 51, 27, 10, 10, 57, 4, 44, 11, 1, 14, 31, 55, 7, 15, 48, 36, 48, 33, 44, 50, 8, 11, 34, 5, 26, 40, 21, 
28, 27, 8, 41, 44, 17, 43, 19, 40, 18, 14, 52, 42, 9, 35, 48, 22, 53, 38, 6, 51, 34, 22, 40, 20, 4, 46, 49, 1, 59, 12, 32, 
63, 43, 38, 36, 48, 56, 41, 31, 7, 6, 16, 11, 45, 3, 5, 0, 2, 63, 42, 26, 40, 51, 25, 16, 23, 53, 21, 50, 58, 63, 1, 57, 
56, 17, 56, 49, 29, 30, 13, 10, 32, 2, 49, 26, 40, 40, 38, 29, 29, 5, 14, 53, 37, 37, 18, 0, 14, 45, 39, 41, 41, 20, 51, 3, 
51, 7, 31, 48, 55, 62, 33, 53, 63, 59, 43, 24, 6, 49, 58, 18, 8, 19, 10, 31, 19, 12, 33, 1, 17, 3, 57, 7, 40, 8, 31, 57, 
15, 23, 62, 61, 52, 20, 55, 8, 36, 52, 5, 63, 22, 25, 19, 45, 51, 61, 52, 45, 62, 4, 27, 25, 11, 14, 33, 37, 45, 58, 15, 59, 
3, 51, 17, 53, 60, 55, 54, 46, 52, 49, 8, 26, 35, 49, 15, 43, 15, 8, 18, 25, 15, 5, 50, 14, 21, 7, 59, 0, 18, 55, 57, 37, 
50, 5, 62, 40, 39, 45, 17, 55, 55, 33, 37, 18, 17, 61, 5, 8, 15, 35, 1, 61, 40, 1, 62, 16, 18, 2, 16, 31, 13, 15, 26, 24, 
46, 10, 15, 28, 34, 37, 46, 15, 11, 35, 0, 58, 4, 20, 33, 21, 61, 57, 49, 38, 33, 0, 28, 23, 37, 28, 61, 44, 32, 42, 3, 45, 
13, 59, 41, 33, 16, 48, 8, 60, 13, 58, 12, 19, 45, 49, 46, 41, 35, 18, 12, 39, 61, 63, 47, 6, 57, 16, 42, 9, 28, 43, 54, 22, 
47, 39, 53, 21, 44, 3, 22, 2, 35, 26, 51, 7, 29, 34, 61, 62, 32, 51, 36, 59, 42, 45, 0, 11, 12, 42, 23, 35, 36, 3, 4, 19, 
31, 59, 48, 45, 18, 18, 58, 15, 49, 39, 4, 31, 59, 13, 20, 43, 16, 6, 38, 4, 41, 33, 48, 42, 15, 9, 40, 26, 60, 11, 57, 21, 
27, 58, 49, 20, 12, 61, 3, 63, 52, 36, 35, 53, 24, 53, 28, 16, 59, 45, 21, 2, 38, 24, 16, 29, 49, 10, 55, 52, 21, 48, 20, 61, 
34, 13, 63, 49, 36, 47, 49, 45, 15, 58, 40, 51, 46, 54, 29, 35, 18, 60, 19, 43, 2, 46, 26, 34, 49, 18, 41, 8, 18, 10, 0, 23, 
41, 9, 19, 48, 47, 15, 59, 6, 1, 45, 21, 61, 50, 18, 41, 9, 34, 59, 25, 51, 36, 8, 22, 44, 25, 29, 4, 58, 0, 34, 41, 5, 
32, 27, 25, 23, 53, 3, 9, 21, 59, 25, 0, 44, 45, 32, 27, 1, 35, 16, 61, 0, 17, 27, 33, 39, 7, 41, 50, 37, 16, 49, 23, 12, 
30, 17, 56, 36, 32, 17, 39, 62, 3, 0, 63, 13, 59, 36, 42, 11, 59, 3, 0, 5, 20, 35, 12, 55, 35, 40, 57, 46, 23, 11, 43, 60, 
21, 51, 1, 63, 27, 4, 0, 24, 34, 5, 55, 54, 52, 7, 25, 2, 24, 21, 4, 15, 60, 50, 63, 58, 51, 17, 18, 62, 19, 31, 53, 30, 
21, 9, 19, 24, 13, 27, 2, 9, 55, 60, 49, 2, 16, 54, 31, 17, 22, 63, 11, 54, 43, 57, 58, 41, 15, 30, 37, 29, 63, 59, 49, 43, 
48, 56, 16, 62, 3, 31, 5, 9, 15, 51, 19, 63, 62, 49, 13, 21, 21, 12, 33, 50, 54, 62, 0, 13, 34, 23, 4, 19, 55, 7, 25, 0, 
19, 31, 1, 46, 63, 29, 3, 0, 46, 52, 35, 40, 37, 45, 56, 43, 56, 27, 54, 33, 31, 48, 20, 62, 11, 35, 39, 9, 27, 7, 22, 57, 
36, 43, 40, 55, 40, 6, 8, 29, 18, 37, 9, 34, 47, 42, 28, 12, 59, 0, 44, 42, 18, 32, 44, 48, 43, 37, 51, 19, 12, 30, 55, 18, 
37, 61, 18, 5, 14, 32, 53, 38, 57, 0, 1, 11, 57, 26, 41, 44, 21, 13, 63, 60, 33, 32, 1, 63, 10, 36, 14, 52, 31, 50, 25, 38, 
30, 24, 8, 45, 34, 7, 46, 55, 17, 6, 6, 51, 24, 42, 39, 38, 34, 10, 23, 31, 22, 23, 26, 10, 42, 52, 28, 13, 25, 17, 45, 44, 
29, 23, 15, 34, 22, 59, 43, 18, 38, 17, 43, 45, 61, 13, 37, 59, 50, 39, 19, 60, 22, 20, 23, 63, 6, 5, 20, 42, 42, 55, 45, 21, 
41, 62, 21, 13, 18, 61, 24, 5, 12, 51, 42, 9, 32, 46, 5, 17, 30, 17, 42, 47, 36, 39, 49, 7, 27, 62, 23, 39, 5, 52, 17, 31, 
28, 26, 19, 53, 25, 15, 45, 57, 34, 54, 10, 38, 56, 28, 43, 20, 26, 33, 28, 18, 3, 44, 29, 20, 63, 23, 17, 60, 51, 14, 49, 5, 
19, 0, 29, 44, 61, 35, 57, 22, 58, 32, 22, 41, 28, 25, 47, 11, 4, 1, 32, 50, 61, 54, 41, 44, 16, 47, 57, 15, 32, 51, 33, 59, 
49, 34, 0, 22, 17, 36, 2, 27, 20, 44, 4, 7, 54, 18, 25, 62, 5, 55, 3, 1, 50, 29, 25, 27, 23, 45, 51, 21, 45, 42, 8, 11, 
39, 10, 2, 38, 25, 55, 13, 15, 37, 52, 39, 31, 58, 29, 57, 61, 13, 63, 52, 4, 20, 24, 47, 59, 52, 54, 50, 2, 5, 62, 21, 26, 
52, 47, 10, 56, 6, 40, 0, 54, 26, 18, 59, 49, 27, 5, 61, 53, 27, 33, 55, 24, 57, 23, 51, 21, 31, 11, 48, 36, 0, 6, 58, 50, 
37, 22, 52, 27, 25, 21, 47, 23, 38, 30, 18, 43, 2, 4, 1, 19, 34, 47, 12, 48, 31, 10, 30, 62, 16, 40, 51, 49, 17, 45, 44, 34, 
12, 0, 46, 41, 51, 5, 60, 28, 33, 11, 12, 14, 48, 16, 60, 23, 17, 17, 60, 51, 63, 1, 54, 19, 62, 19, 4, 32, 55, 12, 31, 54, 
62, 34, 51, 4, 50, 44, 58, 63, 30, 15, 55, 37, 28, 1, 52, 27, 14, 1, 34, 33, 41, 40, 15, 45, 51, 42, 22, 0, 18, 9, 36, 35, 
43, 18, 31, 42, 28, 58, 19, 54, 21, 52, 13, 44, 63, 55, 24, 27, 0, 5, 59, 16, 49, 34, 27, 26, 54, 3, 8, 42, 52, 3, 27, 6, 
33, 21, 36, 8, 52, 45, 26, 37, 61, 34, 57, 3, 48, 42, 48, 4, 44, 33, 11, 58, 14, 12, 46, 12, 17, 12, 26, 37, 6, 41, 5, 54, 
7, 7, 9, 46, 11, 14, 18, 3, 0, 5, 38, 14, 21, 28, 38, 8, 43, 36, 52, 62, 40, 25, 61, 49, 41, 11, 31, 59, 21, 34, 32, 16, 
59, 1, 63, 0, 51, 49, 21, 52, 20, 10, 61, 43, 11, 63, 15, 22, 53, 1, 15, 53, 61, 55, 62, 46, 32, 39, 33, 28, 19, 47, 42, 20, 
24, 53, 6, 43, 40, 57, 29, 55, 9, 55, 34, 59, 45, 49, 13, 44, 31, 4, 49, 30, 5, 32, 27, 37, 63, 53, 27, 14, 57, 49, 2, 16, 
49, 44, 39, 49, 27, 43, 17, 32, 29, 3, 9, 45, 21, 50, 3, 10, 37, 40, 4, 19, 33, 22, 61, 21, 21, 40, 52, 20, 13, 51, 59, 18, 
27, 48, 4, 5, 8, 3, 38, 28, 19, 28, 29, 33, 18, 15, 13, 31, 8, 63, 28, 16, 46, 12, 50, 14, 62, 10, 63, 55, 52, 18, 0, 4, 
60, 33, 53, 55, 7, 33, 19, 47, 15, 11, 16, 49, 61, 45, 9, 2, 59, 2, 50, 8, 17, 42, 16, 29, 3, 60, 57, 46, 40, 8, 58, 1, 
10, 27, 30, 61, 59, 56, 42, 14, 41, 0, 12, 58, 27, 8, 44, 21, 62, 24, 15, 19, 54, 46, 3, 62, 59, 46, 40, 48, 9, 40, 15, 63, 
18, 25, 58, 18, 47, 13, 35, 33, 35, 49, 46, 48, 8, 36, 6, 46, 11, 28, 38, 0, 47, 59, 27, 8, 5, 60, 41, 16, 57, 43, 50, 55, 
3, 46, 40, 18, 4, 35, 45, 45, 28, 51, 17, 7, 38, 59, 12, 25, 29, 33, 21, 15, 18, 5, 44, 37, 46, 19, 7, 12, 8, 32, 57, 10, 
22, 8, 53, 55, 6, 36, 28, 19, 47, 30, 15, 21, 2, 51, 54, 41, 62, 7, 40, 11, 27, 12, 37, 31, 30, 6, 24, 29, 28, 48, 49, 23, 
21, 38, 54, 44, 2, 35, 52, 52, 15, 39, 11, 4, 38, 8, 22, 45, 7, 4, 23, 58, 4, 16, 41, 60, 23, 15, 35, 57, 19, 62, 52, 30, 
50, 44, 53, 51, 23, 17, 62, 41, 58, 13, 24, 55, 15, 9, 38, 0, 0, 34, 50, 59, 26, 15, 2, 25, 42, 43, 3, 5, 31, 7, 9, 39, 
16, 23, 37, 1, 39, 20, 30, 48, 46, 58, 23, 35, 36, 50, 21, 42, 51, 15, 16, 9, 59, 57, 62, 6, 11, 36, 59, 38, 1, 2, 34, 24, 
28, 20, 46, 2, 55, 10, 3, 25, 0, 62, 41, 60, 48, 34, 33, 40, 12, 13, 36, 18, 49, 19, 24, 22, 21, 35, 20, 61, 63, 37, 43, 53, 
47, 38, 45, 5, 12, 10, 15, 33, 22, 37, 44, 25, 30, 39, 55, 43, 52, 14, 51, 19, 6, 47, 63, 4, 40, 18, 18, 46, 47, 4, 51, 41, 
36, 54, 48, 6, 2, 21, 34, 51, 62, 34, 29, 45, 26, 40, 9, 25, 21, 5, 18, 55, 9, 7, 26, 50, 45, 18, 57, 0, 42, 9, 18, 5, 
19, 44, 61, 25, 23, 2, 62, 31, 20, 54, 61, 46, 63, 34, 18, 35, 39, 51, 27, 5, 14, 10, 0, 23, 44, 15, 5, 49, 27, 61, 62, 58, 
33, 24, 36, 5, 44, 15, 32, 27, 45, 56, 53, 21, 11, 28, 58, 33, 3, 28, 8, 43, 63, 43, 30, 6, 58, 52, 7, 38, 24, 51, 52, 2, 
9, 20, 16, 31, 62, 35, 28, 60, 6, 10, 23, 27, 8, 1, 45, 22, 4, 43, 39, 3, 18, 24, 55, 19, 7, 27, 15, 61, 53, 11, 60, 62, 
22, 43, 1, 51, 38, 59, 48, 49, 39, 1, 9, 39, 45, 10, 8, 31, 59, 16, 4, 59, 50, 51, 40, 42, 15, 5, 18, 40, 27, 12, 50, 63, 
5, 0, 26, 49, 13, 4, 58, 21, 53, 15, 19, 28, 31, 48, 18, 5, 29, 48, 18, 2, 13, 28, 53, 37, 43, 18, 49, 59, 63, 60, 21, 40, 
25, 17, 52, 1, 39, 52, 62, 23, 17, 35, 54, 12, 44, 37, 43, 7, 9, 4, 52, 63, 21, 14, 61, 12, 0, 22, 38, 30, 6, 49, 1, 41, 
25, 10, 7, 53, 0, 24, 55, 24, 55, 42, 9, 62, 33, 5, 59, 34, 26, 28, 24, 45, 1, 62, 58, 53, 38, 16, 3, 42, 21, 49, 27, 29, 
11, 15, 45, 14, 50, 15, 36, 46, 51, 16, 29, 39, 9, 15, 27, 18, 63, 20, 24, 26, 47, 36, 23, 38, 41, 41, 58, 30, 5, 4, 53, 37, 
56, 60, 21, 27, 41, 18, 41, 36, 32, 11, 27, 23, 52, 45, 35, 44, 59, 60, 32, 61, 4, 25, 35, 34, 40, 51, 28, 63, 54, 6, 38, 15, 
42, 34, 37, 62, 49, 53, 12, 28, 36, 40, 25, 43, 24, 62, 19, 42, 18, 25, 2, 18, 29, 5, 44, 21, 44, 36, 60, 46, 16, 39, 59, 14, 
29, 8, 48, 41, 60, 14, 50, 27, 57, 10, 62, 21, 33, 52, 0, 8, 13, 18, 23, 31, 2, 7, 63, 1, 50, 1, 7, 11, 30, 9, 37, 10, 
14, 6, 29, 4, 41, 63, 53, 17, 43, 50, 62, 33, 6, 23, 15, 54, 13, 32, 14, 9, 50, 8, 60, 52, 2, 59, 31, 8, 14, 60, 4, 24, 
1, 10, 32, 62, 11, 19, 23, 15, 6, 37, 36, 44, 13, 8, 16, 55, 2, 9, 16, 35, 39, 42, 25, 30, 42, 58, 2, 25, 57, 24, 34, 46, 
45, 49, 34, 50, 46, 13, 36, 45, 4, 28, 21, 58, 61, 22, 17, 20, 35, 23, 22, 28, 26, 55, 6, 57, 35, 55, 13, 29, 15, 33, 11, 3, 
41, 28, 20, 18, 17, 36, 63, 22, 0, 49, 46, 59, 50, 33, 52, 54, 59, 13, 60, 8, 37, 26, 21, 2, 2, 37, 57, 45, 49, 30, 46, 7, 
24, 3, 28, 5, 38, 16, 54, 3, 13, 57, 4, 62, 33, 18, 15, 52, 19, 24, 49, 33, 5, 62, 22, 11, 55, 41, 6, 13, 23, 27, 19, 16, 
24, 32, 32, 25, 42, 2, 11, 27, 63, 8, 7, 61, 16, 38, 55, 4, 55, 15, 3, 33, 20, 18, 48, 38, 42, 32, 30, 20, 50, 46, 63, 9, 
57, 46, 43, 40, 42, 9, 52, 18, 56, 6, 58, 31, 13, 21, 39, 57, 40, 57, 39, 50, 12, 19, 28, 32, 7, 26, 19, 21, 2, 5, 44, 60, 
4, 5, 51, 62, 3, 10, 17, 52, 54, 7, 10, 18, 52, 2, 11, 50, 47, 4, 58, 42, 16, 63, 59, 15, 51, 31, 51, 23, 11, 58, 12, 48, 
20, 34, 41, 46, 32, 5, 23, 52, 1, 42, 49, 11, 42, 55, 63, 6, 18, 12, 53, 45, 17, 23, 45, 20, 54, 52, 43, 21, 9, 0, 37, 47, 
58, 2, 11, 12, 3, 25, 60, 32, 59, 8, 3, 52, 21, 62, 30, 51, 42, 6, 23, 34, 22, 13, 9, 52, 12, 7, 28, 11, 45, 1, 8, 39, 
28, 51, 1, 3, 4, 30, 50, 24, 59, 37, 61, 15, 23, 19, 34, 14, 13, 62, 55, 10, 60, 53, 2, 44, 20, 50, 25, 48, 34, 29, 35, 36, 
0, 10, 47, 61, 20, 35, 0, 25, 27, 35, 21, 19, 21, 58, 2, 31, 30, 8, 11, 14, 0, 45, 42, 40, 58, 18, 10, 51, 26, 44, 23, 32, 
23, 40, 37, 45, 22, 29, 8, 59, 11, 7, 52, 10, 6, 34, 43, 36, 36, 21, 15, 20, 12, 2, 55, 35, 47, 22, 12, 34, 22, 53, 62, 61, 
18, 2, 11, 21, 39, 40, 52, 7, 55, 61, 62, 6, 15, 33, 48, 49, 41, 55, 58, 46, 19, 60, 22, 49, 36, 43, 24, 41, 7, 52, 37, 13, 
35, 55, 63, 28, 57, 1, 48, 4, 49, 37, 53, 44, 40, 3, 30, 50, 6, 41, 9, 47, 33, 50, 31, 51, 3, 59, 18, 1, 4, 0, 14, 17, 
63, 51, 32, 10, 23, 21, 15, 34, 13, 15, 60, 53, 63, 59, 36, 40, 1, 20, 38, 3, 3, 55, 31, 18, 18, 2, 0, 22, 62, 25, 20, 33, 
60, 19, 18, 12, 1, 36, 0, 38, 50, 4, 42, 14, 48, 44, 51, 57, 0, 5, 30, 7, 9, 48, 29, 13, 48, 26, 19, 63, 24, 46, 32, 28, 
63, 58, 61, 39, 35, 28, 46, 0, 31, 48, 5, 38, 9, 27, 49, 29, 28, 14, 4, 26, 57, 61, 40, 43, 16, 54, 26, 17, 14, 41, 6, 47, 
40, 6, 33, 31, 18, 11, 59, 16, 22, 24, 8, 32, 47, 12, 7, 26, 8, 52, 32, 42, 37, 58, 5, 54, 39, 44, 45, 27, 25, 38, 10, 56, 
# End of <64,64,64,64> / 14    WOM-code.
# Rsum = 1.714286
# Rfix = 1.714286
