# WOM_finder solution for a <1471,576>/14 code
#
# Sum rate = 1.406608
# The 16384 symbols listed below are mapped to code words that are the binary representation of the 0-based index in the table.

 350,1254, 315, 587, 339, 784,1022, 219, 967, 821, 248, 113,1213,1205,1189, 489, 881,1409,1313, 831,1139, 893, 570, 637,1375,1263,1135,1031, 624,1007, 359, 229,
1149, 429, 361,1301, 761,1009, 758,1365,1073, 880, 291, 127, 687,1123, 300, 566, 812,1356, 941, 764,1055, 586,1079, 550,1195, 460, 619, 419,  90, 446, 849, 426,
 752, 593, 861,1181,1285, 680,1140, 776, 166,1061, 148, 666, 781,  58, 198,  15,1177, 779, 768, 481, 494, 363, 351,  22,1173,1307, 145, 524, 210, 427, 330, 416,
 932,1345, 582, 561, 829, 370, 550, 552, 850, 913, 398, 406,1050, 332, 435,  29, 556, 859, 982,  66, 543, 491, 355, 545,  34, 289, 378, 553, 214, 524,  86, 388,
 957, 911, 279, 951, 981, 509,1182, 240,1354,1046,1032, 677,1335, 239,  46, 569,1057, 462,1371, 181, 762, 834, 358, 163,1034,1214,1012, 518, 715, 240, 309, 124,
 414, 235,1161,1469, 227,  37,1036, 529, 634, 216,1076, 136,1108,  88, 523, 398,  10,1359, 140, 515, 552, 371, 166, 372,1453,  31, 193, 573, 344,  63, 125, 173,
 569,  70, 849,1266,1399,1464,1249, 566,1243,1360, 415, 109, 665,  18, 233, 432, 711,  98,1231, 194, 199, 266, 245,  24, 844, 397,   8,  77, 535, 364, 286, 337,
1443,1395, 114,  82,   8, 316, 446, 571, 928,  61, 164, 570, 138, 357, 503, 434, 876, 514, 370, 513,1167, 137, 408, 213, 435, 114,  71,  35, 292, 200, 239, 201,
1418, 894, 292,1423,1198,1277,1332, 241, 782,1294, 395, 201,1393, 412, 252, 361, 825,1251,1225,  73,1264, 554, 596, 547, 757,1071, 375,  28, 263, 557, 362, 230,
1280, 886, 790, 566, 798, 559,1114, 527, 969, 557, 958, 180, 504,  15, 360, 407, 885, 649, 807, 311, 756, 327, 314, 418,  71, 510, 222, 482, 312, 456, 520, 111,
1024,1407,1160,1295,1411, 290,   4,  28, 164,1096, 611, 157,  33, 320, 137, 131, 174, 314,  94, 482, 495,  96,  77, 323, 810, 337,  36, 566, 499, 360,   6,  53,
 948, 149,  74, 223, 275, 193, 194,  25, 138,  51, 443, 162, 273, 309, 553, 221, 167,  47, 224, 411, 145, 172, 333, 400,  14,  99, 513, 278, 514, 484, 401, 331,
1075, 801, 795, 147,1274,1074,1350, 226, 959, 356, 590, 218, 203, 147, 543, 316, 931, 324, 976, 315,1364, 567,   5,  70, 594, 323,1245, 461,  62,  67, 556, 326,
 897, 818, 310, 242,1289, 342, 542, 481, 529, 463, 350, 272, 361, 247, 521, 438, 714, 156, 367, 348, 351, 223, 114,  92, 439,   9, 505, 325, 515, 308, 407,  20,
 898,1245,1185, 380, 112, 489, 152, 560, 372,  75,1112, 292, 176, 277,   9, 344, 689, 319, 250, 241, 423, 210, 188,  50, 304, 100, 332,  36, 335, 417,  65, 371,
1169, 220, 414, 144,  91, 207, 203, 425, 173, 150, 474,  59, 561, 383, 345, 289, 497, 460,  97, 192, 272, 318, 321, 328,   4, 425, 258,  39, 242,  13,  27,  98,
1284,  23,1164, 704,1435, 545,1152, 797,1159, 591,1121, 584,1384,  96, 424,  54, 162, 133,1176, 257, 975, 205, 721, 485,1038,1467, 132, 693, 610, 401, 153, 120,
  92, 609,  20, 450,1193, 544, 172,  14, 618, 106, 644, 504, 517, 530, 170, 126,1062, 597, 354, 393, 939, 458, 337,  54, 150, 239, 215, 212, 212, 345,  38, 267,
 299,1168, 905, 438,1268, 977, 319, 277, 935, 277,1255, 210, 652, 565, 327, 415, 537,1357,  14, 108, 273, 439, 544, 311, 888, 359, 305, 343, 215, 310, 241, 434,
1208, 536, 833, 406, 431, 330,   0, 357, 444, 287, 401, 291,  43,  56, 220, 112, 129, 362,1024, 290, 259, 573, 451,  23, 572, 270,  30, 418, 500, 132, 346, 200,
 765, 737,1098,1383,1056,1421,1192, 564, 994, 712, 635,  16, 446, 324, 296,   1,  17, 572,  55, 315, 960, 253, 404,  84,1300, 127, 237, 464, 541, 498, 385, 195,
 492,  38,1092, 390,1462, 207,  27, 140, 973, 524, 463,  37, 367, 194, 155, 243, 190,  74, 171,  67, 206,  39, 316, 108,  82, 171, 526, 373, 321, 257, 286, 483,
 141, 817, 276, 440, 903, 167, 569, 450, 500, 165, 427, 477,  74, 497, 456, 533, 775, 425, 443, 153, 328, 537,  80, 554,1388, 477, 270, 362, 146, 220, 561,  39,
 724, 540, 181, 368, 461,  36, 498, 142,  66, 375, 532, 233, 185, 335, 400, 510, 497, 314, 149, 346, 521, 472, 157, 237, 246, 311, 562, 144, 202, 300, 272, 414,
1015, 125,1391, 740,1397,1321, 470, 136, 830, 539,  99, 391, 185, 155, 143, 433, 891, 995,  97, 545, 538,  43,   0,  16, 924, 101,  34, 372, 351, 540, 555,  33,
 921, 212,  91, 420,1041, 392, 225, 399, 794, 819,  81, 448, 325,  46,  16, 553, 851,  24, 162, 473, 176, 532,  31, 153, 513, 519, 417, 142, 502,  66, 509, 228,
1013, 389, 626, 269, 527, 252, 203, 251,1466, 242,  38, 572,   0, 382,  47, 221, 378,  77, 574, 509, 245,  60,  75, 435, 267,  55, 336, 555, 511, 190, 410, 354,
   7, 133, 316, 239, 398, 474, 320, 496, 466, 504, 463, 267, 323, 376,  71, 535, 205, 305, 449, 398, 380, 157, 464, 476, 359, 290,  87, 143, 197, 119, 332, 405,
1134, 625,  76, 376, 726, 280, 372,   0, 717, 445, 193, 496, 103, 215, 375, 437, 115, 396, 424, 568, 404,  89, 467, 397,  94, 200, 250, 402, 458,  47, 192, 436,
 206, 494,  36, 486, 221, 484, 523, 352, 115, 467, 555, 188, 470, 568, 336, 268, 264, 163, 255, 322, 325, 226, 180, 368, 451, 547,  54, 123, 557,  22, 431,   8,
1162, 103, 290, 404,1326, 166,  48, 195, 814, 519,  53,  23, 284,   7, 462, 514, 298, 572, 492, 185, 107, 155, 366, 406,  34, 216, 206, 248, 460, 461,  85,  92,
1383, 166,  21, 501, 409, 510, 492, 329, 303, 402, 392, 395,  16, 264, 465, 385, 282, 127, 186, 410,  98, 214, 457,  19, 543, 274, 551, 199, 310,  80, 412, 302,
1404,  15, 349, 890, 713, 723,1318, 134,1441,1372, 576, 728, 401,1428, 345, 401,1069,1042,1053,1201, 287, 464,1122, 139,1016, 226, 571, 238,1339,  92, 165, 542,
 639,1237, 439, 228,   2, 419, 326, 122, 777, 377, 154, 199,1449, 380, 386, 393, 447,  30, 919, 239,1278,1357, 550, 467, 255, 143,  60, 351, 148, 503, 192, 202,
 872, 848, 803,1172,1197,1461, 342, 132, 945, 384, 435,   4,1158, 380, 305,  71, 605, 558,1199,  24,1311, 410, 132, 498, 416, 224, 498, 389, 235, 480, 318, 277,
 254,1238, 949,  90,  66, 253, 242, 569, 914, 496, 536, 113, 241,   4, 173, 561,1146, 490, 132, 439,  75,  20, 438, 437, 561, 574, 499, 230, 154,  96,   1, 175,
1008, 934,1267,1373, 197, 506, 307, 103,1239, 186, 382, 554, 365, 472, 312, 575, 423, 805, 139, 583,1202, 327, 138,  82, 459, 162, 108, 233, 280, 245, 465, 490,
1444,1450,1403, 489, 267, 148, 482, 457,  26, 435, 277, 430,  89, 361, 269, 241, 406,  34, 416, 364, 499, 222, 231, 325, 284, 247, 259, 292, 164, 389, 468,  24,
 646, 189,  75, 123, 442, 119, 520, 423,  39, 509, 146, 394, 177,  78, 506,  87,1370,  38, 229, 236, 462, 450, 223, 560, 429, 308, 169, 275, 212, 572, 101,  21,
 207, 512, 232, 360,  35, 566, 378, 376,  75, 269, 384, 322, 172, 551,  42, 458, 322, 224, 127, 250, 533, 209,  38, 281, 410, 481, 390, 283, 326, 333, 422, 420,
 978,1351,1265, 475, 647,1302,1430,  76, 763, 180, 258, 560, 974,  72, 425, 320,1390, 755, 422, 193,  42,  10, 180, 421, 773,  59, 400, 477, 357, 130, 307, 424,
 408, 800,1369,  56, 453, 262, 247, 290,1110, 480, 459, 220,1345,  78,  75, 355, 153, 486, 565, 185, 525, 511,  13, 349,  97, 313, 435, 128, 368, 238, 107, 301,
1117,1398, 840, 406,1190, 560, 203, 350, 693,  30, 517, 342, 255, 458, 136, 469, 387, 220, 173, 428, 430, 570,  61, 477, 482, 497,  47, 550, 568, 407, 228, 287,
1207, 293,  76, 419, 385, 484, 127, 424, 328, 143, 212, 323, 469, 304, 232,  23,   6, 172,  24, 143,  34, 138, 204, 432, 124, 362, 162, 152, 264, 521, 560, 288,
 643, 237, 373, 146,1259, 539, 122, 188, 508, 222, 380,  50, 121, 101, 446, 155, 410, 319, 295, 338, 289,  85, 429, 382, 988, 113, 291, 411,  26,   8, 327, 172,
 402,  30,  64, 571,  45, 332, 265, 176,  87, 434, 191, 148, 219, 401, 487, 372, 183, 572, 460,  42, 299, 303, 134, 300, 450, 125, 375, 491, 139, 462, 540, 399,
 814, 148, 275, 354, 113, 106, 539, 449, 448, 305,  35, 270, 505,  70, 238, 142, 268, 329, 209, 258, 554, 118,  32, 219, 180, 342, 526, 197, 380,  31, 126, 164,
 181, 278, 368, 452, 360, 520, 409, 547, 132, 366,  63, 168, 218,  53, 575, 303,  86, 315,   5, 210,  36, 553,  28, 517, 229,  38, 383,  58, 375, 486,  52, 530,
 664, 656, 640,1431, 952,1080,1452,  32,1223,1047, 399,  99,  24, 391, 142, 398,1387, 126, 452, 222,1374, 465, 422, 484,1106, 115, 159,  22, 271, 187, 233, 342,
 870, 490,1328, 176, 518, 505, 111, 333,1006, 529, 354, 231, 319,  32, 221, 571, 578, 367,  85, 199, 535, 334,  75, 412, 518,  63,  64, 293,  27, 473, 275, 464,
 998, 990, 562,1150,1002, 256, 394, 450,1316, 365,  54, 358, 446, 387, 439, 177, 386, 569,  55, 426, 307, 527, 216, 359, 374, 185, 323, 149, 406, 238,  62, 251,
1422, 165, 611, 176, 117,  39, 194, 157, 231, 343, 483, 213, 465, 191, 352, 100, 541, 426, 489, 220, 114, 128, 447,  33, 226, 543, 413,  53, 262, 181,   5, 295,
 877, 289,  87, 422, 553, 282, 539, 460, 632, 160,  78, 192, 226, 151, 264, 381,  61,  33, 328, 295, 468,  49, 519, 557,  50, 287, 262,  89,  20,  52, 197, 266,
 487,  17, 252, 485, 307,  98,  77, 337, 416, 459, 200, 281, 457,  85, 562, 492, 473, 463,  31,  59, 384, 247, 476,  45, 112, 395, 313, 544,  65, 560, 537, 478,
 344, 319, 246, 532, 148, 252,  36, 515, 485, 253, 296,  74, 438, 573, 229, 162, 273, 173, 431, 416, 263, 126, 552, 398, 365,  46, 271,  14, 570,  11, 219,  72,
 328, 404, 255, 274, 210,  63, 369, 516, 354, 538, 248, 466, 221,   7, 358, 110, 266,  49, 389, 480, 504,  10, 178, 336, 295, 236, 477, 235, 362,  71, 425,  48,
 651,1119, 970, 124, 522, 113, 374, 485,1112,  10, 514, 511, 355, 459, 440,  35, 525,  43, 558, 305, 491, 496, 498, 566, 413, 315, 134, 382, 532, 293,  38, 206,
1005, 374, 156,  91, 189, 571, 252, 426, 491, 255, 566, 233, 360, 498, 541, 507,  55,   8, 419, 347, 273,  58, 342, 423, 258, 121, 164, 554, 516, 186, 315, 114,
 214, 552, 431, 366, 315, 255, 368,  99,1065, 319, 346, 437, 258, 367, 438, 557, 388, 131, 200, 507, 199, 547, 462, 282, 309, 537, 424, 368, 422, 336, 118,  81,
 201, 271, 444, 333, 197, 513, 202, 147, 439, 341,  43, 310, 384, 107, 269, 471, 150, 385, 358, 318, 165, 316,  11, 234, 211, 338, 292, 533, 106, 523, 108, 151,
 510, 146,  16, 216, 989, 537, 247, 407,  30, 450, 199, 330, 403, 299, 149, 453, 565, 575, 464, 477, 168, 457, 448, 479, 159, 178, 547, 553, 555, 398, 531, 386,
 139, 421,  19, 574, 213, 154, 554, 205, 125,  76, 500, 240, 406, 119, 305, 167, 420, 492, 184, 369, 367,  96, 232, 469, 508, 145, 137, 444, 430,  21, 489, 177,
 502, 408,  37, 270, 121, 160,  20, 293,  89, 540, 136, 377, 152, 181,  77, 153, 377,  70, 299, 417, 337, 249, 428, 313,  62, 282, 111,  31, 259, 561, 474, 529,
 560, 387, 183, 155, 404,  42, 231, 495, 574,  47, 224, 520, 497, 321, 145, 353, 418, 355,  66, 505, 544, 241, 450, 130, 509, 189, 194, 122, 270, 120, 490, 208,
 160, 367,  49, 811, 883,1178,1020, 353,1129, 457,  80, 222, 738,1148, 251, 205, 988, 686,1018, 592,1155,1414, 458, 124,1145, 804, 672,  16,1420,  59, 316, 150,
 630, 895,1037, 535,1424, 588,1368, 540, 169,1250, 121, 164,1402,  61, 296, 476, 497, 334,1247, 129,  48, 277, 530,  27, 581, 435, 301, 337,   4, 139, 437, 496,
 867, 471, 874, 816, 856, 233,1133,  17, 835, 542, 884, 416, 746, 420, 147,   1, 445, 484, 560, 214, 308, 264, 508,  99,1089, 520, 359, 425, 399, 199, 506, 336,
1144, 116, 965,1200, 390, 503, 506, 154, 809,  90, 498, 247, 274, 459, 224,  77, 667, 535,1050, 296, 156, 168, 428, 462,  66, 251, 280,  54, 478, 414, 352, 541,
1228,1283,1312, 598,1437, 802, 188, 300, 685, 119, 512, 550,1451, 267, 110, 247,1347,   1, 927,  42, 131,  39, 191, 217,  60, 485, 554, 239, 222, 235, 556, 431,
 548,1355,1154, 135, 208, 175,  73, 156, 456, 710, 354, 278, 472, 114,  71,  76, 455, 235,  51, 439,  44, 176, 342, 426, 158, 537, 473,  78, 376, 405, 487, 143,
1379, 479, 259, 337, 964, 547, 653, 315, 827, 202, 521, 197,  82, 250, 151,  40, 688, 344, 108, 505, 293, 137, 446, 528, 415, 458, 153, 224, 448, 489, 488, 276,
 432, 357, 363, 371, 159, 372, 460, 128, 684, 443, 522, 196, 491, 179, 139, 560, 192, 503, 462, 123, 409, 348, 107, 512, 510, 521, 170, 282, 481,  22, 281, 252,
 613, 118, 799, 177, 161, 117,  63, 447,1408,  57, 511, 241, 467, 422,  77, 534,1147,1234,1132,  40, 676, 513, 122, 283, 347, 568, 148, 338, 360, 232,  16, 176,
 845, 340, 600, 328,1095,  60, 200, 255, 889, 539,  98, 376, 485,  12,  38, 258, 170, 107, 122, 472, 549, 260, 142,  78, 331, 132, 129, 204, 508, 120,  54, 245,
1227,   0, 892,  20, 716, 115, 234, 141, 826, 236, 115, 355, 348, 139, 487, 531,1410, 224,  78, 308, 120, 279, 473, 358,  73,  24,  49, 458, 248, 464, 427, 333,
   5,  27, 298, 304, 507, 530, 101, 312, 560, 499, 414, 556, 222, 196, 284, 228,1242, 313, 437, 557, 302, 459, 538, 266, 321, 297, 343, 542,  42, 433, 112, 518,
  85,1004,1337,  98, 474, 168,  97, 433, 621, 977, 303, 264, 283, 373, 364, 210,1054, 510, 465, 244, 529, 179, 565, 506, 122, 482, 503, 130,  20, 188, 160, 331,
1271,  19,  73, 323, 330, 488, 495, 550, 207, 394, 278, 249, 466, 118,   2, 404, 810, 159, 157, 214,  72, 218,  49, 203, 154, 111, 240, 293, 266,   5, 206,  45,
1216, 160, 232, 170, 235, 173, 224, 101, 189, 459, 127,  80, 171, 323, 453, 435, 326,  87, 352,  43, 287, 184,  60,  86,  50, 490,  84, 267,  61, 447, 398, 138,
 249, 483, 293,  40, 295, 554, 472, 497, 256, 205,   6, 426, 114,  30, 165, 327, 478, 202, 336, 265, 322, 392, 115, 451, 324, 325, 262, 174, 243, 494, 406,  64,
 526, 585,1341,1107,1342, 966, 194, 433, 463, 828, 436, 284, 311, 102, 109,  11, 607, 434,  18, 364,1167, 228, 514, 223, 940, 308, 216, 282,  43, 291, 304, 149,
  22, 260, 230, 280, 448, 493, 804, 519, 449, 453,1161, 218, 390, 401, 544, 159,1029, 908, 519, 480, 271, 250, 372, 338,  94, 534, 222, 125, 235, 439, 101, 264,
1454, 111, 580, 318,1051, 206, 115, 414, 109, 364, 147, 569, 376, 557,  25, 232, 480, 292, 398, 205, 440, 359, 541, 229,1282, 540, 507,  25, 348, 356, 164, 430,
1434, 368, 119, 177, 531, 324, 410,  46, 122,  23, 293, 342,  73, 121, 350, 460, 103,  85, 490, 242, 503, 520, 146, 382, 139, 196, 400, 137,  14, 142,  29, 255,
 306, 749,1210, 233, 400, 316, 114, 351, 187, 408, 243,  51, 560, 422,1178, 538, 514, 336, 232, 452, 292, 192, 393, 388, 216,  34, 505, 168,  55,  67, 179, 174,
 246, 228, 171, 554, 353, 307, 566, 279,  10,  45, 318, 305, 447, 107, 141, 191,  10,  18,  61, 113, 166, 168, 283, 374, 248, 490, 549, 422, 167,  31, 284, 565,
1262,  16, 563,  88, 333, 242,  91, 112, 101, 170,  92, 283, 483, 425, 444, 449,  63,  58, 303,  73, 493, 562, 509,  56, 411, 342, 240, 329, 484, 156, 257, 140,
 383, 106,  50,  30, 427,  66, 476,  81, 452, 173,  42, 529,  36, 322, 124, 186, 260, 552, 570, 164,  26, 418, 397, 298, 560, 496, 417,  96,  24, 136, 297, 180,
 743, 854, 519,  64,1329, 284,  29,  50,1366, 331, 493, 352, 295,  38, 532, 465,1323, 378,1106, 424, 345, 385, 344, 365,  84, 527,  47, 479, 329, 159,  44, 270,
1049, 367, 272, 350, 523, 371, 333, 389, 448, 270, 265,  71, 536, 560,  82, 215, 440, 432, 370, 390, 296, 556, 479, 141, 327, 283, 525, 521, 401, 292, 383, 425,
 473, 440, 274, 194, 218, 262, 286, 191, 120, 127, 302, 167, 280, 464,  19,  21, 484,  34, 103, 531, 160, 412, 184,   8, 379, 470, 279, 155, 355, 444, 520, 181,
 300, 235, 422, 511, 235, 217, 369, 572, 221, 301, 388, 357,  33, 296, 539, 275, 419, 206, 245, 190, 529, 257, 575, 171, 392,   2, 214, 165, 137,  49, 391,  70,
1090, 574, 144, 496, 443, 129, 358,  42, 343, 295, 515, 182,  55,  14, 131, 194, 563, 515, 150, 493, 461, 470, 548, 476, 367, 570,  75,  25, 142, 300, 492,  58,
 502, 315, 474,  55, 258, 210, 335, 531, 397, 452,  37, 221, 126, 430, 341, 570, 501, 362, 504, 514,  76, 551, 568, 151, 465,  62,  86,  32,  53,  81, 528, 134,
 547,  59, 537, 400, 152,  65, 163, 499, 489, 390, 157, 239, 305, 544,  11, 394, 399, 347,  96, 260, 346, 244, 167, 175, 179,  28, 135, 312, 237, 524, 523, 212,
 503, 117,  89,   1, 127, 248, 282, 179, 188, 316, 461, 281, 153, 110, 100, 419, 513,  94, 557, 247, 304,  23,  59, 256, 112, 185, 485,  15, 309, 416, 311, 429,
 128, 204, 727, 573,1137,1381,  93,   8,  83,1084, 521, 515,1304,   5,  59, 128, 906, 173, 178, 177,1200, 151, 540, 164, 523, 200, 413, 549, 101, 135, 110,  84,
1376,1179, 249,  14, 322, 344, 312, 452,1432, 260,  56, 325, 425, 438, 103, 382, 234, 185,   8, 182, 514, 569, 301, 574, 271, 218,  31, 362,  18, 368,  49,  39,
 691,1082, 110, 222, 788,1140, 488, 107, 229,  97, 540, 260, 471, 561, 572,  37, 926,  62, 471, 408,1446, 331,  50, 196,  97, 418, 199, 256,  94, 401, 298, 495,
 705, 211, 338,  43, 252, 156, 509, 389, 405, 216, 527, 170, 528, 497, 432, 444, 413,  15, 318, 232, 256, 397, 193,  61, 220, 272, 446, 219, 431, 411, 266,  85,
1417, 852,1244,  12, 376, 208, 295,  89,1039,  96, 536, 234, 544,  17,  44,  80, 313, 466, 136, 327, 401, 459, 357, 378, 384,  13, 187, 154, 480, 307, 146,  32,
 441, 338, 188, 450, 167, 241, 360,  46, 484, 352, 215, 513,  91, 140, 179,  95, 572, 495,  75,   2,  80, 509, 570,  53,  48, 146,  54, 526, 166, 547, 470, 145,
 220, 521,  63, 558,1048,  23, 135, 386, 314, 495, 395, 294, 128, 531, 399,   9,  67, 177,  49, 461, 172, 417, 537, 288, 310, 242, 561, 433, 403, 539, 141, 476,
 203, 152, 398, 518, 228,  86, 515, 471,   0,  28, 113, 388, 123, 450,  72, 120, 551,  73,  20, 326, 247, 356, 359, 538,  98, 231, 241, 189, 418, 328, 394, 525,
  43, 298,1184,  55, 531, 397, 218, 172, 296, 395, 386, 545, 491,  89, 405,  52, 486, 345, 284, 147, 517, 449, 197, 296, 529, 373, 394,  12, 264, 388, 182, 543,
 244,  84, 242, 564, 189,  17, 188, 289, 330, 119,  71,  22, 299, 334, 229, 367, 447, 501, 425, 252, 201, 131, 166,   0, 310,  65, 357, 524, 528, 413, 211, 341,
 352, 463, 260, 329, 115, 479,  53, 292, 230, 274, 469, 311, 295, 351, 212,  36, 208, 420, 503, 556, 432, 226, 320, 415, 202, 471, 214,  19, 265, 113,  48, 300,
 410, 409, 491, 392, 448, 272, 452,  87, 523,  88, 490, 336, 436, 153, 114, 567, 444, 482, 124, 299, 352, 502, 510, 330, 287, 507, 573, 178,  59, 378, 396, 363,
1288, 468, 287,  56, 179, 220, 234, 321, 313, 463, 190,  60, 329, 137, 414, 200, 557, 135, 292, 542, 398, 381, 102, 484, 400, 386, 424, 406, 444, 157, 574,  29,
 572, 575,  16, 498, 460, 437, 415, 515, 262, 297, 337, 243, 536, 304, 535, 400, 316, 322, 381,  17,  89, 165, 477, 545,  90, 365,  72, 467, 476, 192, 393, 237,
  84, 358, 380, 310, 518, 341, 344, 396, 106, 511, 403, 173, 529, 541, 557, 263, 189, 266, 512, 114, 194, 259, 372,  30, 331, 436, 541, 385, 425, 281, 367, 221,
 157,  92, 526, 288, 438, 493, 440,  21, 187, 283, 159, 225, 291, 245, 125, 246, 456,   9, 423, 186, 445, 393, 199,  37, 501, 391,  95, 217, 552, 163, 290, 195,
1116,1222, 143, 269,1306, 271, 220, 230, 771,  15, 485, 431, 432, 298, 347, 534, 142, 225, 371, 400,  11, 427, 451, 172, 170, 284, 567, 535, 425, 355, 312,   3,
1045, 135, 507, 414, 326, 434,  74, 370,  72, 229,  66, 415, 242, 524, 297, 283, 328, 289, 231, 271, 357,  55, 157, 198, 465,  13, 386, 193, 209, 531, 443, 448,
1186, 347, 511,   1, 429, 479, 564, 272, 299,  50,  96, 249,  32, 496, 418,  64,  14, 300, 303, 135, 473, 235, 503, 395, 544,   0, 370, 131, 269, 438, 554, 419,
 542, 368, 210, 380,  62,  78, 200, 408, 510, 423, 565, 238, 159, 224,  52, 115, 308,   5, 553, 233, 354, 319, 374, 127, 175,  12,  36, 474,  78, 263,  58, 184,
 284, 180, 353,  21,  49, 289, 365, 532, 234,  84, 555, 465,  11, 230, 470, 384, 123, 505,   6, 316, 430, 439, 243, 376, 224,   7, 209, 106, 363, 360,  86, 462,
1306, 233, 461,  50, 249,  14, 129,  29, 531, 290,  75, 451, 433, 369, 505,  33, 252, 128, 466, 251, 345,  60, 228, 497, 486, 494, 358, 361, 153, 564,   1, 253,
 486, 318,  10, 498, 535, 574, 158, 446, 463,  33, 308, 443,  99, 172, 466, 373, 532, 346, 444,  98, 191,  95, 215, 248, 527, 381, 516, 163, 536, 512, 325, 203,
  49, 447, 323, 221, 412, 240, 526, 308, 223,  55, 286, 117, 519, 222, 514, 331, 243, 484, 242, 499,  25, 365, 381, 435, 350, 437, 453, 428, 330, 571, 176, 379,
  21, 540, 510, 438, 349, 156,  72, 170, 270, 498, 518, 311, 228, 166, 574,  40, 570, 209,  35, 196, 539, 307, 362,   2, 109, 162, 143, 500,  65, 446, 408, 313,
  35,  25,  11, 114, 135,   6, 118, 390, 380, 209,  20, 516, 538, 277,  47, 198,  51, 463,  98,   7, 414, 214, 323, 106, 126, 436, 141,  27,   9, 174,  96,  73,
  81, 164, 256, 182,   5, 372, 356, 543, 215, 165, 290, 570, 282, 193, 273, 209, 296,  38, 452, 466, 413, 176, 568, 360, 467, 366, 502, 486, 111,  76, 154,  90,
 367,  96, 462, 112, 423, 311, 185, 403, 521, 406, 563, 412,  75, 506,  45,   9, 313, 100, 286, 102, 489, 555, 283, 140, 562, 566, 304, 268, 223,  16, 207,  26,
 558, 491, 137, 347,  28, 432,  91, 253, 481, 388, 123, 350, 315, 333, 447, 420,  55, 255, 319, 460, 240,  88,  99,  18, 396, 238, 276,  85,  56, 456, 421, 272,
 177, 527, 382, 533, 395,  80,  53, 405, 569, 179, 322,   4, 363, 144, 274, 259, 273, 446, 148, 309,   3, 350, 573,  94, 479, 197, 239, 103, 493, 487, 236, 442,
  73, 214, 415,  25, 540, 335, 361, 536, 492, 374, 149, 171, 180, 124, 150,  61, 156, 271, 188, 264, 451,  44, 117, 375, 289, 517, 119, 349, 205, 201, 338, 334,
 398, 351, 534, 418, 525,  32, 508, 565, 512, 158,  44, 488, 260, 549, 530,  67, 531, 101, 222, 401, 314,  82,  12, 109, 369, 567, 376, 261, 522, 116, 402,  79,
  62, 192, 567, 328, 706, 678, 855, 507, 595,1072, 698, 496,1358,1463,1460, 292, 879,1287, 971, 915, 670,1052,1070,  53,  79, 478, 742, 414, 243,  86, 296, 232,
 297,1260,1427,1120, 266,1442,1001, 320, 953, 787, 612, 293, 701,  12,  50, 281,1413, 293, 858, 368,1118, 537, 174, 405,1218, 360, 323, 411, 233, 165,  29, 379,
1292,1400,1204,1136, 968, 285, 943,  36, 579,1305,  89, 417, 175,  48,  64, 207, 451,1240, 168, 255, 847, 208,  17, 444,1361, 110, 164, 282, 507, 155, 298, 383,
1416,1127, 403,  95, 502, 337,  16,  59, 466,1300, 264, 192, 132, 230, 197, 161, 482, 109, 128, 256,1368, 101, 354, 562, 546,  52, 535,  72, 284, 259,  66, 567,
1026, 772, 615,1174, 719,  13, 871, 345,1209,1103,1138, 541, 563, 332, 236,  91,1298, 583, 421, 530,1378, 343, 269, 389, 813, 111, 520, 182, 307, 338, 526, 109,
 862,  78, 783, 228, 341, 565, 128, 220,  44,  42, 541, 350, 281, 362, 457, 125, 540, 452, 322, 290,   3,  16,  25, 313, 541, 213, 150,  54, 513, 435, 110, 444,
 182, 107, 485, 518,  72,  56, 300, 307,  35, 101,  93, 119, 385, 318, 331, 268,  86,1055,1273, 374, 586, 440, 459, 487,1368, 551,  72, 487, 428, 219, 565, 458,
1338,  74, 462, 533, 528, 334, 183, 190, 447, 561,  63,  96, 564, 306, 187, 305, 117, 364, 415,  23, 189, 352, 473, 360, 412, 310, 155, 177, 113,  17, 287,  81,
1334,1233,  53,1203,1344, 325, 327, 424,1353, 433, 309,1202, 991, 336, 391, 463,1445, 997, 335, 123,1349, 234, 232, 252, 938, 416,  45, 207, 407, 248, 465, 539,
1319,1130,  32,  19, 317, 256, 167, 286, 163, 318, 539, 101, 533, 546, 510,   4,1242, 364,  57, 477, 535, 348, 437, 406, 144,  95, 208, 574, 330, 140, 218, 529,
1468, 864,1388,  96, 682, 512, 217, 100,1078, 200, 530, 273,  52, 138,  70, 296, 887, 436,  90, 424,  92, 268, 481,  67,1321, 184, 425, 348,  65, 430, 266, 570,
1326, 497, 439,  77, 264, 269, 483, 250,  17,  81, 255,  16, 321, 410, 140, 487, 422, 161, 553, 292, 306, 211, 566, 301, 281, 249,  54, 561, 527, 166, 157,  43,
1392, 488, 986, 562, 515, 263, 279, 529, 437, 177,  86,  91, 335, 484, 241, 513, 791, 523, 275, 206, 211, 205, 127, 534, 152, 327,  62, 485, 202, 293, 115, 370,
  12, 548, 267, 499, 486, 507, 189, 120, 351, 529,  69, 176, 501,  14, 219, 392, 440, 518, 488, 475, 438, 412,  69, 101,  80, 397, 357, 376, 573, 520, 472, 538,
1115, 410, 376, 303, 192, 170, 234, 257, 201, 147, 321, 428, 357, 554,  29, 500, 358, 273, 531, 193,   5, 496, 200, 285, 504, 251, 547,  12, 420, 329, 502, 351,
 437,  58,  98, 300,  82,  23, 156, 519, 162, 456, 537,  76, 240,  26, 424, 377, 452, 534, 355, 521, 536, 146, 323,  18, 280, 260, 188, 316, 277, 409, 181, 359,
1325,  88,1322, 681, 832, 288,1276, 142,1083, 734,1252, 134, 868, 420, 283,  88, 750, 820, 425, 553, 247, 106, 319, 197,1279, 329, 398, 542, 528, 535, 534,  61,
1003,1425, 642, 374, 368, 290, 408, 329, 102,  93, 209, 431, 270, 571,  11,  84,  31, 567, 352, 195, 498, 404, 482, 432, 168,  96, 213,  52, 386,   7, 277, 154,
 694, 980, 136, 573, 900,  91,  37, 402, 668, 521, 480, 266, 552, 209, 270, 114, 493, 387, 517,  24,  50, 112, 540, 336, 129, 161, 516, 178, 236, 325,  73, 227,
 346, 100, 312, 568, 533, 346, 528, 288, 376, 336, 379,  40, 177, 388, 344,  82, 395, 512, 440,  13, 333, 403,  57, 460, 510, 272,  37, 309, 501, 454, 459, 447,
 281,1194,1363, 826,1153, 551,  92, 279, 179, 347, 289, 216, 160, 537, 575, 308, 321,  43, 265, 281, 361, 520, 464, 157,1324, 523, 475,  13, 548, 395, 371, 186,
 608, 245, 323, 414, 500, 119, 142, 454,  32,  53, 109, 484, 108, 455, 535, 554, 444, 512,  39, 383, 492, 127, 461, 115, 495, 292, 454, 416, 118, 476, 304, 539,
 792, 499, 223,  86, 117,  46, 538, 150, 262, 548, 437, 234, 132, 311, 246, 341, 237,  76, 514, 114, 329, 544, 475, 280, 275,   4, 569, 385, 123,  64,  85, 263,
  65,  25, 288, 478, 508, 494,  58, 397, 507, 227, 201, 490, 415, 451, 426,  62, 451, 184, 428, 244, 506, 235,   6,  44, 270, 301, 467, 536, 125, 575, 218, 466,
1457,  77, 601, 315, 272, 407, 101, 415, 223,  74, 361, 351,  18, 245,  26, 545,1272, 156, 205, 464, 504, 151,  62, 138, 419, 567,  57, 281,   3, 524, 140, 330,
 261, 242, 402, 264, 186,  18, 276, 234,  48, 152,  95,  85,  50, 373, 291, 312, 403, 464, 556, 227, 257, 145, 204, 166, 159,  78, 365, 503, 568,  75,  74, 117,
 491, 136, 131, 382, 425, 462, 212, 538, 211, 309, 190, 461, 436, 306, 333, 355,  37, 177, 554, 472, 512,  58,  36,  29, 265, 483, 414, 499, 163, 408, 479, 304,
 114, 263,  42,  57, 227, 178, 573, 343, 489, 205, 187, 262, 315, 547,  55, 338,  85, 287,  76, 502, 261,   3, 389, 246,  93,  98, 279, 358,  51, 307, 364, 452,
1405, 257,  97, 516, 425, 419, 407, 201, 186, 229, 362, 422,  28,  33, 188, 106, 479, 312, 141, 350, 446, 512, 316, 250, 336, 211, 540, 507, 332, 128, 517, 290,
  86, 332, 142,  73, 267, 171, 420, 545,  47, 222, 393, 365,  27, 540, 499,  72, 114, 436, 263, 435, 376,  30, 520, 229, 558, 319, 426, 149, 483, 522,  89, 224,
 213, 542, 344, 444,  11, 564, 258, 574, 539, 142, 323, 421, 300, 525, 498, 546, 295,  87, 100, 367, 219, 401, 132, 463, 366, 245, 459,  65, 439,   8,  14,  78,
 228, 571, 152, 449, 514,  22, 443,  45, 379,  20, 394, 121, 239, 183, 168, 423, 546, 427, 243, 173, 421, 283, 126, 278, 101, 502, 552,  10, 553, 363, 349, 384,
  45,1436,1044, 648, 366, 236, 933, 266,  29, 733, 614, 122,1352, 371,  54, 181, 806, 320, 157, 177, 405, 170, 394, 384, 534, 576,  42,  38, 481, 439, 265, 126,
 909,  50, 857, 216,1093, 203, 438, 566, 865,1161, 379, 439, 412, 517, 437, 521, 501, 522,  39, 311, 243, 264, 167, 118, 555, 316, 125, 106, 177, 144,  57, 545,
1303, 355,1097,  38, 937, 507, 208,  12, 922, 220, 387, 402, 260, 148, 535, 226, 364,  78,  99, 536, 546, 387,  98, 522, 338, 324, 117, 246, 484, 215, 353, 315,
 218, 515, 310, 323,  12,  44, 300, 241, 243, 405, 493, 386, 389, 562,  27, 373, 499, 171, 233, 214, 444, 471, 197, 474, 504, 234, 312, 119, 367, 133, 471, 404,
 653, 385, 443, 309, 505, 360, 163, 498, 996, 572, 350, 276, 502, 352, 148, 465,1232,  10, 396, 440, 540, 283, 106, 264, 295, 302, 528, 102, 116,  28, 248,  67,
 657,  95, 248, 507,1313, 146, 145, 522, 428, 443, 364, 185, 338, 228,  98,  86, 240, 440,  13, 446, 333,  94, 344, 481, 475, 189,  30, 331,  73, 408, 504, 159,
1315, 467, 510, 328,  42, 102, 256,  50, 528, 494, 126, 330, 463,  98, 316, 403, 394,  56,  15, 140, 460, 232, 178, 184,  37, 205, 512, 127,  45, 274, 222, 291,
  32, 338, 569, 546, 478, 186, 432, 483, 202, 314,  22,  91, 518, 524, 112, 511, 148, 216, 437, 204, 282, 413, 153, 456,   8, 157, 455, 335,  84, 107, 171, 500,
 707, 869, 822, 120, 312, 549, 153, 211, 213, 497, 195,  81,  58, 106, 363, 199,1027, 116, 285, 575, 184, 372,  21, 295, 503, 146, 146, 225, 205, 401, 143,  44,
 513,  39, 114,  53, 509, 184, 172, 518, 184, 239, 277, 165,  85, 565, 275, 547, 527, 181, 281, 287, 539,  87, 297, 497, 454, 504, 236, 263, 420, 350, 398, 306,
 245, 210, 549,  26, 177, 408, 383, 115, 482, 380, 112, 193,  24, 117, 223, 467, 490, 480, 555, 317,   6, 501,  25, 514, 333,  10, 272, 562, 493, 470, 201, 253,
 362, 461,   1, 332, 192, 108, 553, 422, 355, 518,  67, 194, 262, 139, 214, 417, 532, 554, 404, 324, 110, 289, 144, 506, 213, 164, 511,  73,  72, 115, 475, 156,
1229, 470, 408, 526, 530,  59, 215, 344, 101, 357, 205, 161, 172,  46, 293, 175,  20, 517,  44,  32,  88, 212, 525, 355, 317, 278, 546, 170, 174, 377,  36, 536,
  82, 194, 119, 462, 193, 258, 239, 123, 394, 371, 447, 396,  66, 248, 354, 311, 397,  71, 374, 430, 191, 150, 448, 447, 178, 138,  15, 343, 209,  55, 245, 282,
 350,  80, 290, 471, 114,  60, 155, 230, 378, 188, 404, 553, 488, 159, 283, 298, 466, 309, 176,  57, 310, 400, 424, 128, 417, 531,  60, 451, 402, 453, 478,  16,
  59,  88, 141, 552, 382, 292, 166, 229, 484, 238, 180, 469, 454, 154, 512,  49, 285, 257, 146, 454, 503, 142, 103, 395, 419, 373, 327, 215, 224, 252, 319, 129,
1196,   9, 302, 297, 269, 522, 553, 185, 956, 456, 208, 207, 220, 433, 227, 446, 532, 119, 436, 504, 257, 349, 432, 200,  60, 342, 521, 180, 255,  75, 115,  97,
 193, 500, 557, 253, 419, 362, 195, 400, 369, 131, 231,   7, 302, 113, 430, 136,  80, 531, 530,  37,  73, 175,  67, 134,  95, 358, 478, 270, 241, 162,  59, 223,
1226, 152, 272,   8, 446, 391, 288,  30,  76, 310, 129, 267, 270, 141, 318, 212, 565, 301, 378, 133, 379, 168, 261, 148,  13, 502, 284,  88, 461,  23, 472, 375,
 419, 505, 304, 410,  98, 368, 198, 299, 382, 570, 149, 427, 325, 195, 122, 271, 231, 121, 405, 259, 225,  99,  54,  52, 190, 139, 234, 202, 172, 308, 249, 429,
 530, 170, 522, 295,  89,  53, 107,  12, 552, 401, 492, 195, 421, 404,  57, 342, 569,  81, 376, 527, 535, 144,  48, 438,  69, 249, 568,  80, 194, 413, 366, 510,
  33, 322, 403, 384, 121, 389, 342, 219, 516, 231, 450, 212, 134, 461, 334, 353, 350,  26, 554, 573, 227,  20, 172,  90, 388, 565,  99, 303, 109, 566, 515, 141,
 280, 549, 327, 389, 499, 447,  33, 149, 238,  19,  70, 332,  49, 376, 410,  55, 397,  61, 526, 268, 450, 287, 317, 154, 483, 197, 567, 539,  44, 405, 551, 137,
 391, 250, 373, 361, 123, 260, 385, 439,  43, 555, 329, 103, 351, 396, 374, 436, 342, 159, 404, 470, 335, 324, 131, 542, 491, 557, 380, 519, 199, 399, 549,  51,
 533, 159, 377,   7, 573, 213, 511, 331, 225, 536,  72, 343, 146, 451, 364, 508, 103, 324, 451, 308, 300, 510, 309, 271, 338, 530,  71, 181, 296, 229, 495, 110,
 120, 335, 183,  46, 153, 489, 504, 164, 107, 285, 238, 260, 435, 251,  29, 349, 478, 469, 266,  40, 116, 195,  50, 275, 185, 148,   4, 150, 101,  19, 572, 488,
 137, 474, 288, 544, 305,  15, 314, 545, 178, 140,  50,  48, 330, 109, 463, 379, 130, 359, 227, 503, 438, 122, 210, 449, 316, 411,   9, 541, 487, 218, 371, 247,
 174, 369, 486, 522,  49, 327, 285,  63, 210, 317, 241, 163,  92, 286, 416, 102, 110, 516, 453, 371,  30, 180, 345, 206, 251, 346, 523, 296, 485, 448, 564, 548,
 171, 156,   4, 289, 381, 534, 162,  65, 438, 209, 273, 481, 207, 112,  39, 214, 437, 564,  35, 237, 416, 267, 302, 418, 423, 484, 307, 493,   5, 314, 173, 256,
  22, 514,  58, 508, 242, 501, 444, 357, 300, 440,   0, 432, 190, 569, 157, 370, 217, 317, 241, 465, 137, 268, 414, 298, 333,  84, 391, 341,  38, 246, 230,   6,
 271, 494, 566, 391, 465, 452,  64, 174, 257, 327, 331, 524, 476,  73,  84, 504, 390, 413, 106, 543, 396, 292, 562,  27, 440,  45, 573, 232, 187, 345,  82, 158,
 527, 453, 551,  69,  95, 200, 386, 388,  74, 175, 561, 479, 572,  90, 235,  34, 489, 330, 160, 191,  70, 415, 392, 284, 446, 535,  18, 203, 250, 276, 347, 340,
 896, 899, 722, 303, 936,1065, 232,  58, 736, 837, 950, 379, 907, 449, 344,  42,1235,1348, 196, 219, 301, 226, 239, 128,1343,  46,  37, 251, 168, 521, 564,  99,
 766, 620, 396, 347,1091, 508, 286,  51, 604, 196, 360, 400, 343, 290, 248, 569,  51, 102, 353, 500, 414,  72, 375, 284, 377, 484, 283, 355, 222, 455,  96, 477,
1324, 413, 394, 283, 902, 445, 434, 506, 388, 320, 233, 432, 139,   9, 301, 524, 697, 543, 235, 352, 248,  32, 477, 539, 478, 415, 429,  61, 326,  62, 449, 111,
 729, 187, 332, 504, 402, 194, 387, 163, 212, 349,  21, 142, 251, 386,  35, 239,  35, 327, 529, 265, 145, 432,   3, 267, 270,  80, 533,  47, 217, 113, 357, 568,
   3, 748, 225, 177,1141, 306, 394, 320,1067, 255,1260, 452, 437, 496, 455, 209, 407, 132, 499,   5, 549,  60, 376, 139, 341, 182, 440, 456, 565,   2, 515, 560,
  81, 180, 308, 184, 444, 225, 136, 263, 276, 286, 493,  43, 203, 236, 106, 507, 573, 381, 502,  55, 400, 166, 202, 571, 564, 358, 368, 524,  82,  50,   0, 557,
1290, 200, 224, 568, 314, 214, 500,   8, 173,  24, 366, 341, 102, 407, 493, 411,  82, 133, 391,  80, 491,  51, 364, 215, 120, 232, 133, 151, 151, 303, 208, 211,
 176, 347, 457,  25, 230, 174,  53, 367, 430, 126,  12, 391, 504, 229, 368, 144, 527, 343, 330,  36,  42, 272, 495, 161, 518, 275, 154, 531, 150, 569, 194, 365,
 842, 641,1023, 541,1166,  31,  89, 205, 546, 208,  36, 519, 345, 378, 551, 157,1102, 210,  84,  47, 193, 472, 347, 130, 156,  15, 448, 481,  81, 511, 385, 249,
1401, 259, 735, 558, 530,  94, 384, 564, 353,  26, 116,  74, 281, 151, 103, 462, 552, 199, 412, 130, 306, 251, 264, 272, 573, 392, 250, 175,  85, 395, 554, 326,
 152, 451,  27, 503, 499, 549, 459, 136, 427, 569, 282,  18, 205, 132, 542, 372, 500, 399, 180,  22, 168, 574,   2, 489,  44, 173, 574, 510, 325, 394,   0, 192,
 364, 219, 336,  47, 225, 553, 430,  44, 570, 453, 435, 399, 556, 203, 461, 143, 275, 258, 401,  62, 458, 167,  81,  88, 201, 458,   4, 136,  10, 404, 109, 305,
1219, 179, 543, 217, 510, 138, 456, 309, 125, 215, 138, 113, 212, 284, 433, 180, 529, 290, 367,  96,  19, 497, 360,  26, 425, 556,  18,  82, 411, 187, 486, 342,
 125, 414, 549, 324, 160,  85, 177, 552, 485, 267, 114,  66, 298, 375, 213, 322, 120, 415, 168, 345, 256,  90, 500, 196, 433, 315,  70, 489, 139, 383, 179,  34,
 296, 446, 154, 188, 567, 186, 522, 402, 128, 407, 452, 360, 263, 429, 146,  57, 476, 183, 460, 545, 535, 355, 137, 318, 534, 443, 477, 532, 175, 455, 350, 225,
 158, 523, 297,  94, 297,  63,  39, 274, 192, 218, 272, 108, 312, 135,  99, 356, 548, 484, 342, 119,  13, 505, 373,  33, 444, 233, 131, 389,  32, 498, 190, 480,
 759, 985,  47, 549,1336, 565, 412, 334, 599, 132, 381, 476, 493, 443, 453, 129, 917, 575, 389, 541, 173, 344, 380, 405,  59, 290, 498,   0, 549, 181, 557, 536,
 616,  99, 568, 186, 208, 430, 263, 306, 345,  94, 167, 495, 321, 109, 227,  89,  86, 573, 556, 360, 322, 369, 463, 522, 510, 333, 367,  22, 419, 502, 546,  92,
  52, 178, 368, 187, 334, 245, 482, 552, 408, 516, 447, 234, 304, 488, 280, 185, 193, 364, 504,  87, 347, 269, 212,   7, 175, 433, 178,  50, 359,  18, 303, 170,
 358, 297, 114, 497, 332, 563,   4, 485, 332, 371, 215, 500, 228, 385,  90,  65, 375, 473, 427, 157, 201, 341, 483,  38, 455, 532, 324, 138, 360, 126, 470, 152,
1099, 447, 304,  64, 574, 365, 367, 567, 179,  60,  27, 194, 264, 552,  52, 547, 261,  17, 537, 120,  37, 493, 563, 293,  99, 467, 438, 230, 200, 131,  51,  19,
 243, 139, 405, 398, 116, 252, 437, 466, 279,  49, 295, 128, 329, 495, 395, 146, 271, 179,   2,  58, 280, 457, 518, 211, 237, 423, 530, 420, 460, 122, 104, 147,
 272, 136, 296, 542, 356, 164, 484, 481, 397,   1, 328, 358, 313,  37, 206,  23,   4, 310, 427,  89, 216, 570,  29, 332, 142, 171, 386, 115, 265, 492, 343, 503,
 369, 215,  24, 167, 202, 151, 309, 393,  70, 523, 528, 574,  76, 421, 166, 193, 475, 461, 547,  77, 133, 517, 205, 555, 425, 207,  84, 566, 474, 378, 351, 148,
  27, 203, 501, 153, 491, 163, 306, 509, 112, 505, 269, 364, 239, 460, 186,  47, 135, 279, 171, 116, 100, 277, 234, 102, 552, 376, 206, 122, 431, 474, 131, 374,
1213,   9, 489,  13, 157,  34, 293, 278, 136, 214, 180, 424,  44, 562, 173, 287, 374,  61, 540, 248,  25, 391, 400, 103, 456, 571, 119, 300, 475, 393,  60,  56,
 460, 438, 320,  99, 211, 518, 404, 513, 505, 187, 246,   6, 311, 121, 255,  59, 203,   1, 477, 223, 406,  12, 149, 295, 291, 176, 153,  14, 233, 560, 537, 396,
 292,  37, 252,  12, 405, 310, 107, 249, 181, 435, 558,  17,  20, 220, 288, 243, 271, 337,   9, 527, 565, 467,  22, 515, 335, 286, 420, 409,  67, 381, 191, 189,
 210,  90, 434,  31, 203, 334, 397, 348, 282, 246, 270,  93, 165, 528, 366, 260, 199, 404, 136, 305, 388, 185, 478,  11, 191,  39, 508, 526, 372, 525, 352, 403,
 227, 360, 446,  28, 285, 439, 379, 181, 259, 273, 513, 563, 262, 432, 175,  87, 281, 400, 212, 408, 533,   7, 155, 569, 314, 193, 562, 124, 453, 289, 382, 491,
 467,  69, 535, 325, 188, 377, 241, 556, 249, 530, 222, 104, 395, 225, 268, 346, 121, 485, 359, 333, 227, 486, 177,  74, 514, 414, 430, 353, 144, 368, 162,  95,
  10, 115, 371, 390,  38, 354, 164, 122, 433, 161, 454, 575, 232, 509,  31, 326, 516, 331, 319,  48, 357, 434, 182, 209, 107, 141, 200, 285,  77,  97, 550, 468,
1446, 360,1331, 214,1124, 419, 239, 439, 270, 211, 262, 384, 500, 196, 134, 377, 332, 378,1390,  15, 555, 319, 135, 548, 539,  87, 204, 309,  95, 161, 460, 318,
 371, 383, 282, 423,  21, 155,  38, 572, 451, 433, 204, 454, 185, 357, 311, 124, 315, 229, 461,  78, 403, 451, 186, 385, 191, 347,  33, 241, 102, 376, 529, 402,
 659, 154,  31, 484, 397, 559,  58,  29, 300, 561, 391, 293, 456, 364, 405, 118, 408, 336, 565, 182, 389, 306, 260, 453,  55, 351, 243, 236, 275,  34, 433,  20,
 132, 566, 120, 545, 375, 345, 463, 428, 483, 199, 147, 455,  39, 533, 321, 486, 509, 245, 115,   2, 309, 255, 457,  76,  44,  53, 173, 248, 384, 573, 393, 279,
 200, 367,  24, 543, 355, 316,  70, 198, 383, 499,  69, 277, 340, 104, 526, 238, 546, 138,  59, 299, 569, 337, 370,  84,  12, 163,  77, 404, 119, 204, 381, 568,
  37, 478, 213, 222, 544, 416, 192, 127, 330, 291, 140,  40, 101, 204, 332, 310, 354, 242, 457, 197, 567, 304, 246, 117, 413, 348,   9, 534, 415, 390, 532, 257,
 360, 432, 321, 349, 299, 448, 465,  48, 265, 180, 225, 511,  89, 313, 508, 459, 289, 442,  85, 413, 152, 502, 348, 564, 486, 298, 345, 304,  33, 100,  10, 412,
 185, 454, 104, 429, 325, 317, 383, 406, 505, 565,  97, 201, 121, 336, 517, 287, 307, 253,  74, 493, 419, 300,  19,   4, 206,  14, 436, 449, 487, 323, 160, 273,
 283,  94,  74, 495, 535, 338, 343, 371, 829, 408, 121, 189, 215, 432, 224, 485, 287, 440,  28, 161, 365, 153, 297, 104, 268,  32, 233, 266, 423, 285, 154,  13,
 408, 552, 488, 235, 422,  48, 575,  57, 448, 231, 197, 320, 344,  96, 407, 474, 518,  20, 399, 201, 164,  45, 163, 386, 204, 374, 127, 134, 158, 112, 459, 308,
 304,  26, 281, 187, 476, 235, 131, 195, 317,  35, 501, 278, 347, 391, 415, 520, 543, 130, 185, 496, 343, 366, 251,  97, 260, 114, 395, 383,  27, 145, 198, 390,
 267,  66, 373,  70, 241, 460, 259, 532, 467, 329, 351, 571,  55, 514, 421, 335, 271, 212, 416, 388, 356,  46, 426, 443, 549, 104,  86, 354, 238, 540, 519, 544,
 299, 453, 391, 249, 107,  81, 112, 152, 450, 235,  50, 239, 306, 435, 248, 416, 251, 109, 475, 192, 110, 495, 336, 494, 150, 244, 466, 364, 374, 473,  76, 533,
 574, 444, 542, 137, 257, 202, 303,  27, 349,  75, 439, 302, 348, 279, 233, 555, 232, 428, 311, 110,  98, 465, 329, 380, 186,  24, 210, 100,  64, 550, 463, 427,
 124, 256, 544, 276, 226, 151, 450, 324, 103, 402, 471, 156, 258, 191, 509, 269,   2, 421, 363, 240,  91, 481, 507,  35, 513, 196, 132, 167,  47,   3,  22, 527,
 133, 282, 279, 490, 172, 320, 306, 231, 564, 398,  62,   8, 206, 537, 470, 280,  99, 237, 459, 431, 130, 162,  14, 361, 110, 403,  92, 438, 542,  69, 216,  83,
 577, 525, 462,  99, 537, 296,  18, 173, 275,  56, 251, 439, 324, 101, 182, 483, 432, 160, 168, 379, 134, 338, 552,  77, 474, 280, 477, 461,  48, 367, 333,  70,
 563,  16, 375,  82, 301, 295, 520, 218, 224,  84, 263,  38, 463, 309, 165, 171, 270, 406,  34, 421, 442, 167, 368, 475, 322, 256, 281, 205, 231,  42, 247, 327,
 374, 404, 471, 227, 380, 547, 175,  11, 287, 223,  25,  57, 398, 444, 155, 499, 329,  67, 464, 447, 194, 528, 420, 350, 318, 497, 525, 252, 400, 553, 245, 250,
 363, 442, 198, 567, 554,  31, 106, 316, 552, 337, 135, 313, 276, 257, 366, 440, 359,  21, 387, 153, 274,   1,  32,  65, 227, 264, 355, 123, 462, 150,  63,  28,
 488, 154,  52, 149, 128, 179,  69, 325, 321, 418, 298, 271, 236, 518, 136, 323, 189, 507, 245, 100,  22,  61, 273,  62, 447, 116, 435,  26, 322, 514, 434, 210,
 430, 553,  57, 540, 348,  76, 521, 302, 211, 462, 317, 419, 272, 184, 467, 315, 349, 297, 529, 535,  77, 483, 201, 472, 132, 152, 156, 417, 488, 511, 111, 558,
 126,   7, 324, 356, 118, 286,  60, 159, 303, 292, 143, 288,  52,   6, 489, 491, 470,  92, 533, 211, 327, 371, 534, 165, 522, 563,  81, 501,  30, 382, 513, 213,
 531, 109, 346, 492, 480, 352, 214, 261, 362, 208, 102, 348, 401, 541,  13, 217, 448, 239, 456, 377, 290, 422, 305, 262,   1, 155, 267, 372,  88, 312, 320, 441,
 333, 520,  30, 517, 405, 546, 427, 502, 253,  51,  55, 178, 197, 123, 192, 490, 115, 363, 469, 108, 172, 572, 217, 563, 466, 117,  10, 144, 208, 354, 310, 337,
 299, 205, 131, 355, 566, 570, 300, 317, 202, 542, 411, 182, 392, 125, 484, 168, 523, 398, 152, 429, 397, 178, 325, 132, 352, 499, 418, 551, 505, 428, 226, 387,
 353,  95, 263, 539, 246, 302, 193, 554,  32,  13,  42,  39,  53, 551, 560, 362, 479, 508, 139, 101, 385, 519, 142, 202, 177, 216, 473,   5, 127, 437,  80, 328,
 211,  19, 144, 314, 394, 319,  85,  24, 255,  60, 534, 145, 377, 481, 307, 160, 574,  56, 273, 498,   8, 230, 417, 244, 298,  89, 219, 434, 128, 147,  91, 254,
 383, 224, 147, 357, 506, 227, 264, 461, 547, 227, 401, 139, 575,  35,  25, 457, 480, 186, 258, 394, 222, 358, 330, 190, 412,  42,  43, 455, 252,  63, 318, 242,
 443, 399, 424,  44, 436, 423, 223, 187, 170, 127, 176,   5, 113, 503, 328, 458, 225, 104, 541, 274, 129, 543, 321, 411, 293, 269, 174, 344, 464,  36,  17, 559,
 506, 120, 497, 199, 490, 234, 332, 265,  59, 568, 184, 472,  86, 478,  94, 133,  64, 157, 572, 113, 521, 275, 341, 207, 554, 538, 301, 228,  87, 108, 183, 339,
 507, 378, 442, 226, 343,  43,  78,  71, 515, 431, 220, 482, 247, 266,  15, 105,  50,  75, 138, 277, 407,   0, 170,  93, 146, 370,  46, 445,  40, 169, 294,  41,
 617,1087, 468, 472,1439, 655, 144,1170, 774, 920,1212,  65, 972, 839, 731,  61, 841, 221, 695, 503,1215,1000, 337,  33, 709,1014,1060, 145,1386,1384, 144, 455,
  59, 720,1258,1447, 824,1394,1105, 363,1156, 217, 393, 402, 165, 312, 191, 304,1309,1340, 411, 195, 836,  14,  16, 551,  36, 156,  96, 287, 147, 335, 550, 284,
1068, 658,1086,1059, 555, 873, 565, 287,1406,1296,1113, 523, 331, 300, 483, 520, 925, 631, 280, 466, 151, 561,  15, 316,1088, 363, 561, 274, 462, 151,  45, 473,
 146,1183, 815, 189, 404, 224, 180, 115, 675, 195,  52, 328, 326, 382, 474, 488,1458, 446, 326, 542, 107, 401, 554, 368, 419,  78, 417, 269, 111, 185, 102, 519,
 878,1142, 954, 122,1151,  56,1456, 331, 860, 264, 754, 542,1081,  13, 552, 219, 278, 159,1241, 237,  82, 437, 367, 313, 661, 476, 233, 311, 509, 487, 384, 116,
 623, 348,1282, 461, 638, 460, 386,  63,1346, 439, 260, 390,  37, 384, 266,  73, 983, 212, 197,  48, 304, 181,  41, 280, 218,  56, 395,  22, 457, 432, 468, 533,
1188, 101,1275, 428,1010, 435,  95, 298, 575, 240,  43, 203, 327, 512, 224, 537,1171, 300,  64, 295, 517, 276, 477, 324, 169,  53, 107, 528, 536, 282, 114, 396,
 751, 474, 109, 443, 257, 290,  46, 412, 361, 552, 214, 288, 557, 197, 312, 431, 262, 408, 106,  85, 319, 482,   1, 535,  62, 237, 429, 484, 152, 430,  54,  89,
 100,1273, 993, 912, 916, 231,  25, 347, 242, 215, 191, 350,1066,  65, 443, 294,1126,1385, 823, 406, 329, 350, 116,  48, 708, 281, 163, 226,  82, 280,  87, 169,
1426, 477, 418, 343, 430, 266, 157, 416, 633, 190, 200, 274, 159, 487, 329, 478,1396, 209,  17, 510,  63, 314, 101,  29,1049, 521, 427, 244, 124, 291, 130, 122,
 930, 316, 130, 453, 338,  30,  27, 332,1310, 218, 176, 570, 284, 150, 234, 145, 265,  21, 408, 105, 154, 160, 262, 445,  81, 258, 301, 180,  70,  85,  18,  46,
 650, 421, 409, 540, 510,  47, 575, 441, 280, 368, 248, 545, 411,  49,  41,   5, 503, 134, 167,  53, 365, 105, 133, 470, 550, 268, 382, 257,  15, 203, 379, 187,
1299, 629,1377, 160, 318, 214, 365, 110,   6, 539, 208,  45, 423, 482,  34, 108, 866, 552, 484, 287, 341, 371, 444, 277, 114, 379,  73, 545, 108, 560, 333, 439,
 770, 254,  30, 212, 555, 536, 188, 246, 414, 200, 529, 434, 391, 151, 564, 166, 107, 126, 398, 424, 217, 407, 311,  51, 130, 420, 330, 470, 394, 275, 526, 495,
  84, 122, 283, 169, 180, 498,  90, 336, 399, 225, 328, 112, 419, 294, 363, 229, 535, 478, 465, 358, 331, 379, 382,  81, 162, 355, 448, 559, 503, 191, 159, 213,
 439, 277,  72, 302, 506, 365, 488, 201, 279,  16, 254, 143,  72, 393, 476,  96, 285, 305, 489,  91, 220, 140, 288, 148, 108, 512,   0, 491, 247, 206,   2, 256,
 238,1017, 603,1253,1270, 381,1330, 527, 901, 323, 420, 244, 379, 147, 293,  76, 336, 808,  54, 215,1308, 518, 429,  53,1380,  97, 460, 560,1223,  34, 551, 524,
1455, 735,  69, 259, 564, 571, 515, 302, 262, 193, 136, 562, 339, 444, 316, 123, 211, 101, 505, 385, 537, 514, 250, 303, 501,  41, 131, 485,  33,  17, 127, 252,
1125,1028, 819, 368, 636,   7, 142, 410, 268, 437, 122, 307, 126,  23, 164, 538, 778, 360, 165, 437, 478, 100, 335, 230, 224, 553, 244, 337, 105, 480, 411, 358,
 195, 379, 327, 335, 458, 118, 284, 417, 134, 429, 504,  14, 235, 374,  93, 557, 217, 553, 261, 282, 268, 202, 385, 375,  98,  84, 232, 458, 487, 229, 328, 376,
1101, 256,1291, 242, 660,  25, 384, 328, 699,  19, 478, 164,  28, 218, 541,  45, 483, 197, 428, 223, 333,   3, 345, 131, 199,  93,  21, 294, 492, 273,  26, 129,
 171, 491, 572, 399, 467, 400, 465, 452, 144,  35, 125, 187, 388, 486,  55, 445, 246, 365, 334, 183,  18, 538, 314,  35, 530, 352,  28, 175, 283, 569, 254, 323,
1327, 520, 167,   8, 325, 337,  58, 295, 549, 177, 492, 346, 304,  90,   0, 303,  44, 312, 364, 574, 572, 186, 150, 106, 464, 531, 511,   5, 361, 404, 515, 521,
 122, 294,  71, 544,  59, 151, 341,  74, 243, 203, 212, 517, 499, 567,   4, 360,  22, 254, 120,   7, 476, 359,  61, 267, 558, 223, 403, 146, 420, 209, 298,  12,
 105,1211,1109, 371,  95, 177,  64, 181, 979, 264, 300, 543, 476, 294,  10,  13, 499, 484,  27,  51, 345, 451, 548,  71, 350, 244, 436, 567,  11, 309, 479, 368,
1261, 331, 106, 341,  78, 395, 129, 169,  46, 480, 374, 342, 330, 472,  83, 146,  89, 481, 516, 429, 230,  38, 121, 361, 411, 524, 129, 191, 464, 249, 363, 217,
 745, 434, 247, 153, 311, 106, 539, 451, 341, 508, 107,  75, 301, 329, 506, 124, 423, 133,  45, 137,  56,   8, 162, 193, 488,  30, 209, 141, 283, 506, 175, 168,
 226, 497, 490, 294,  13, 407, 218,  11,  28, 181, 525, 263, 416, 308, 407, 315, 441, 180,  43,  58,  62, 258, 305, 367, 474, 266, 110, 399, 343, 562, 477, 216,
 627, 451,  34, 110, 174, 575, 275, 254, 364, 260, 226, 149, 486, 387, 430, 165, 262, 466,  22,  89, 473,  77, 416, 292, 370, 383, 446, 252, 176, 305, 156, 222,
 120,   8, 543, 333,  45, 334, 551, 332,  52, 514, 296, 313,  64, 490,  29, 152, 316,   9, 103, 187, 574, 281,  99, 235,  42, 472, 228, 435, 307, 354, 522, 353,
 347, 249,  70, 456, 160, 428,  44,  85, 307, 458,  47, 470, 487,  51,  31,  17, 373, 350, 498, 188, 481, 137,  10,  83, 126,  32, 568,  40, 148, 513, 425,  63,
 569, 262, 200, 483, 107, 189, 479, 427, 509, 113, 154, 159, 453,  82,  49, 518, 203, 138, 351, 571, 554, 344, 452, 296, 404, 160, 308,  60, 437, 232, 387, 139,
1217, 908, 183,1175,1131,1429, 684, 431,1320, 747, 305,  39, 333, 511, 428, 228,1187,1438, 793, 458, 158, 491, 555, 253, 156, 338, 529, 293, 447, 111, 283, 365,
1246, 184,1412,1240, 918, 446, 195, 106, 645, 417,   9, 121, 126,  97, 419, 131, 946, 419, 427,  92, 153,   3, 210,  46, 286, 196, 224, 571, 308, 507, 142, 405,
1030,  16,1367, 209, 409, 451, 104, 113,1035, 212, 537, 513, 180, 336, 385, 117,1220, 328, 181, 411,   9, 465, 406,  44, 213, 210, 567,  63, 359, 165, 250, 194,
 700, 275, 246, 141, 201, 390,  52,  17, 352, 238, 138, 554, 553, 233,  37, 490,  10, 251, 112, 511, 164,  45, 522, 145, 321, 409, 502, 566, 134, 183,  22,  50,
 696,1257,1143, 103, 454, 164,  67,  19,  67,  89, 474, 405, 391, 455, 557,  27, 516, 377,  18, 305, 461, 387,  71, 242, 203, 414, 418, 310, 432, 499, 244,  64,
 541,1050, 393, 327,  28,  53, 376, 249, 303, 528, 450, 372, 328, 231,  36, 484,  32, 505, 482, 557, 129, 272, 222, 194, 309,  19, 412, 289, 451, 423, 401, 322,
1415, 344, 228,  52, 415,  61, 115, 254, 517,  80, 427, 561, 440, 354, 335, 244, 562, 538,  92, 403, 112, 114, 172, 567, 244, 542, 247, 496, 478, 428, 260, 457,
 331, 178, 444, 463, 505, 309, 158, 417, 217, 326, 210, 299, 110, 471, 118, 262, 378, 293, 373, 529, 332, 230, 162, 448, 387,  66, 426, 147, 301, 146, 507, 350,
1440, 108, 853, 174,1314, 990,  21, 440, 875, 330, 100, 349, 229, 396, 160,  16, 392,  92,   5, 211, 386, 130, 521, 412, 150, 294, 327, 544,  30, 411, 284,  86,
 679, 519, 156, 389, 120,   5, 173, 338, 222,  93, 354, 537,  27,  42, 225,  90, 933, 292, 323,  75,  77, 195, 538,  95, 349,  18, 272,  54, 570, 168, 567, 298,
1470, 399, 388,  72, 163, 151,  29, 112, 401,  94, 219, 510, 482, 292, 140, 573,  53, 312, 357, 386,  63, 335, 235, 438, 293, 121,  64, 154,  39, 236, 106, 413,
 399,  65, 214, 241, 410, 282,  96, 387, 112, 344, 361, 541, 195, 141, 549, 134, 390, 336, 190, 117, 572, 242, 440, 531, 228, 472, 233, 539, 157, 559, 231, 205,
 176,1374,  87, 167, 107, 251, 385,   7,  27, 436, 300, 238,  72, 433, 186, 203, 169,  48, 387, 224, 422, 363, 258, 304, 428, 558, 257, 498,  19, 109, 265,  14,
  66, 286, 423, 110, 551, 392, 299, 472, 312, 370, 159, 163, 403, 212, 426, 524, 235, 458, 421, 331,  98, 113, 152, 294,  10, 119, 386, 514,  44, 189, 458,  74,
 490, 404,  86, 278, 411,  23, 330, 555, 438, 533, 288, 187, 296, 184, 337, 325,  89, 243, 513,  77, 300, 543, 559, 434, 413,  41,  93,  97, 130, 402, 273, 343,
  77, 416, 572,  62, 405, 274, 137, 494, 304, 468,  12, 462, 459, 188, 276, 374, 267, 396, 486, 473, 441, 199, 100,  55, 463, 415,  80, 341,  94, 483,  88, 485,
 135,1040, 271,  87,1128,1119, 308, 443, 428, 327, 201, 229, 540,  45, 334, 538, 551, 177, 197, 452, 456,  24, 477, 123, 473, 371, 162, 138, 564, 328, 331, 565,
 357, 217, 102, 242, 437, 109,  24,   7, 398,  85, 369,  26, 245, 279,  21, 491,  51, 434, 350, 413, 251, 575, 415, 204, 236,  44, 326, 153, 178, 541, 573, 274,
1333, 323, 343, 313, 434, 226, 402, 163, 415, 246, 396, 552, 272, 171, 566,  41,  18, 277, 309, 560, 493, 417, 271, 508, 292, 528, 149,  56, 108,  14,  29, 344,
 184,  73, 555, 468,  99, 231,  49,  92, 349, 436, 173,  75,  19, 313, 513,  95, 205, 131, 255, 256, 422, 568,  31, 155,  72, 516, 330, 463, 338,  77, 166, 260,
1286, 449, 347,  42, 594,  71,  88, 544,  53, 193, 321, 267, 201, 235, 560, 338, 372, 283, 254,  50, 565, 331, 437,  36, 336,  39, 429,  73,  96, 351, 466, 269,
 565, 414, 124, 210, 522, 166, 490, 536, 484,  77, 148, 246, 481,  56, 169, 543, 280, 240,  62,  70, 202, 382, 462,  15, 300, 339, 503, 438, 381, 440, 238,  30,
1077, 474,   9,  23, 247, 564, 311, 310, 541, 142, 497, 318, 291, 445, 189, 526, 155, 481, 449, 156, 237, 318, 491, 370, 195, 524,   6, 191,  60,  65, 143, 214,
 401, 369, 171, 530, 537, 271,  11, 304, 311, 100,  38, 150, 239, 547,  97, 101, 115, 459, 257, 351,  46, 550, 512, 409, 492, 400, 245,  76, 368,  87,   3, 421,
 760,  55,  56, 180, 445, 117,  59, 263,  84, 358, 325, 277,  55,  73, 554, 197, 216, 398, 281, 572, 284, 101, 483, 401, 275, 550, 105, 136, 394,  47, 487, 520,
 541,  27, 129, 116, 448,   1, 465,  31, 206, 363, 159, 515, 544, 479, 321, 257, 237, 376, 420, 392, 337, 542, 229, 396, 130, 536, 168, 273, 200, 449, 395, 243,
 247,  80, 169, 213, 166,  46, 220, 283,  45, 208, 192, 489, 238, 234, 172, 503, 261, 543, 280, 245,  38, 459, 379, 364, 357, 353, 469,   7, 324, 431, 533, 373,
 438, 437, 521,  35, 419, 268, 103,  88, 409, 452, 510, 408,  65,   6, 281, 144, 212, 252, 366,  71,  17,  22, 446, 534, 123, 170, 142, 125, 372,  35,  67, 348,
 463, 140, 509, 137, 142,  33,   7,   5, 376, 158, 483,  28, 439, 535, 511, 494, 109, 497, 177, 296,  78, 419, 212, 468, 188, 164,  83, 335, 165, 171, 170, 441,
 237, 282, 101, 127,  52, 517, 319, 295, 323, 156, 231, 114, 289,  86, 271, 383, 106, 204,  26, 388, 210, 361, 248, 312,  13, 329, 249, 157, 155, 102, 527, 501,
 286, 554, 225, 215, 222, 429, 349, 484, 147, 362, 536, 499, 242, 115, 538, 223, 190, 269, 427, 471, 436, 141, 399,  13, 471, 394, 534, 447, 352,  91, 207, 279,
 516, 461, 175, 503, 209, 377, 380, 339, 275, 422,  32,  24, 316,  50, 397, 211, 348, 253, 540,  78, 519, 225,  73,   4, 523,   1,  25, 320, 193, 443, 128, 104,
 944, 663, 961, 397, 739, 362, 987, 491, 547, 725, 520, 554,1297, 420, 390, 395,1165,  41, 568, 248, 863, 529, 464, 496,1362,  60, 452, 105, 171, 501, 263, 196,
 992, 124, 955,  24, 274, 449, 327, 429,1157,  58, 309, 286, 310, 412, 534, 422,1269,  96, 251, 340, 522, 248, 474, 311,  67, 243, 182, 281,   6, 208, 260, 100,
 702, 202, 690, 135, 426, 499, 153,  65,1191, 108, 175,  93, 676, 266,  76,  33, 343, 429,  46, 272, 207, 155, 156,   6, 537,  81, 435, 530, 470, 193, 443, 511,
1064,   9,  97, 220, 378, 564, 388,  23, 282, 168, 189,  34, 566, 218, 283, 214, 129, 497,  21, 276, 181,   2, 386, 309, 425, 395, 489, 370, 429, 445, 132, 293,
1419, 498,1281, 728, 692,  37, 457, 436, 710, 139, 472, 444, 239, 217, 219, 520, 476, 525, 394, 294, 976, 458, 118, 381,  89, 461, 376, 421, 224, 357, 117, 136,
 383, 331, 350,  41, 449,  61, 222, 254, 381, 239, 339, 483, 272, 434, 179, 102, 187, 282, 209, 245, 427,   8, 414,  87, 402, 412,  59, 447, 267, 112,  77,   3,
 104,  23, 288, 508, 400,  50, 373,  25, 120, 199,  63,  39, 518, 474, 481, 192,  80, 302,  94, 100,  30, 387, 356, 526,  56, 335,  38, 128, 228,  73, 302, 340,
 254, 326, 155, 396, 484, 255, 513,  20, 500, 171, 478, 351, 236, 514, 353,  60, 121,   2, 419, 354, 532, 329, 416, 486, 141,  33, 515, 228, 360,  38, 544, 548,
1256, 923,1025, 458, 120,  67, 515,  12,1459, 565, 144, 431, 537, 547, 549, 163, 380, 139, 349, 529, 406,  90,   3,  15, 431,  96, 538, 477, 435, 209, 165, 417,
1448, 568, 491, 414,   4, 343,   2, 279, 544,   8,  53, 466, 338, 213, 300, 498, 474, 502, 141, 543, 421, 205, 224,  36, 530, 553, 282,  55, 462, 535,  97, 276,
1248, 189, 203, 452, 484,  97, 134, 209, 279,  86, 394, 291, 503, 496, 402,  78, 156, 196, 500, 556, 131, 544, 559, 144, 572, 441, 288, 252,  41, 244,   9, 552,
 106, 428, 264, 360,   1, 398, 226, 345, 384, 212, 170, 122, 397, 293,  66, 482, 379, 372, 507, 523, 210, 570, 335, 393, 345, 505, 310,  44, 500,  37, 444, 103,
1465, 468, 274, 262,  32, 441, 168, 240, 208, 347, 460,  89, 375, 497, 376, 529, 534,  10, 281, 554, 555,  56, 198, 390, 100, 372,  30, 101, 336, 273, 420,   4,
 334, 300, 365, 400, 322, 189,  43, 344,  78, 211, 201, 229, 302, 542,  93, 571,   1,  12, 435, 437,  24, 264, 144, 315, 507, 277, 499, 527, 386, 337,  47, 575,
 256, 173,   2, 348, 569, 187, 407, 290,  76, 393, 137, 110,  59,  27, 329, 401,  40, 222, 237, 152, 280, 157, 456, 142, 396, 561,  74, 423,   8, 349, 246, 540,
 422, 146, 140, 519, 194, 409, 395,  14,  25,  91, 441,  26, 335,  46, 119,  84, 183, 298,  18, 448, 537,  76, 466, 573, 292, 488, 147, 318, 339, 177, 215, 440,
 674, 589, 962, 462,1094, 124, 464, 379, 155,  80, 184, 341, 150, 281, 533, 135,1221, 228, 187,  78, 528, 461, 560, 499, 429, 100, 382, 513, 415,   5, 412, 114,
1043, 511,  92, 530, 498, 167,   6, 334, 207, 428, 400, 362, 158, 247, 375, 108,  32, 216, 384,  71, 326, 191, 567,   0, 271, 529, 116, 523, 249, 352, 426,  20,
1033,1237,  65, 374, 924, 559,  50, 321, 176,  55, 560, 146, 575, 311, 202, 262,  31, 380, 284,  36, 394, 195, 129, 498, 341, 119, 304, 159, 301, 566, 197, 372,
 351, 269, 339, 383, 453, 384, 438,  91, 466, 391, 270, 561, 286, 163,   8,  27,  12, 358, 168, 264, 177, 290, 488, 185, 158, 554, 431,  43, 393, 555, 287, 547,
 622, 203, 547, 520,   5,  70,  39, 294, 431, 262, 224, 396, 275, 563, 200, 500,  58, 453, 436, 325, 261, 395, 184, 516,  72, 313, 535, 328, 480, 245, 274, 111,
 495,  31, 203, 201, 336, 165, 305,  13, 302, 322, 213, 183,  83, 242, 103, 537,  56, 340, 531, 481, 318,  11,  72, 170,   6, 419, 557, 205, 229, 574,  85, 160,
 228, 343, 207, 257, 459, 147, 245, 323, 336, 312, 490, 241,  22, 367, 559, 236, 287,  62,  82, 246, 260, 279, 525, 169, 473,  38, 404, 378, 433, 519,  35, 113,
 191,  17, 325, 420, 268, 565, 385, 489, 344, 125, 280, 410, 559, 190,  48, 292,  41, 208, 322, 464, 174, 444, 307, 289, 145, 327,  14,  86, 370, 117, 405, 226,
 209, 641, 417, 545,  83,  94,  43, 508, 394, 333, 101, 530, 470, 447, 195, 127, 162, 443, 425, 163, 348, 151, 302, 507, 189,  18, 464, 453, 498, 515,  32, 407,
 277, 507,  38, 224, 552,  41, 392, 421, 141,  15, 467, 497, 366,  99, 212, 423, 131, 116, 145, 156, 466,  19, 503, 128, 339, 105, 398, 380, 483, 438, 434, 357,
 186, 534, 258, 214, 250, 275, 567, 432, 325, 340, 451, 298, 495,  44, 516, 411,  88, 187, 340, 115, 359, 386,   1, 200,  60, 211, 217, 220, 491, 400, 201, 504,
 459, 289, 426, 184, 541, 356, 517, 149, 479, 390,  94, 347, 153, 369, 486, 505, 113, 551, 346, 303, 570, 336, 445, 436, 319, 130, 415, 381, 272, 164, 563, 377,
 250, 337, 367, 548, 504, 445, 505, 219, 415, 192,  15, 109, 136, 207,  36, 510,  61, 341, 521, 314, 435, 494, 105, 308, 298, 150, 102, 348, 257,  48, 190, 319,
 239, 392, 372, 484, 461, 179, 406,  22, 421, 310, 192, 266, 520, 303, 340, 162, 297, 417, 327, 538, 245,  28, 396, 301, 121, 541,  80, 202, 459, 233,  50, 234,
  88, 491,  77, 562,  64, 438, 458, 431,  47, 466,  27, 439, 170, 501,  62, 424, 505,   6, 574,  67,  45, 465, 553, 422, 401, 395, 210, 463, 542, 365, 173, 558,
 470, 128, 386, 321, 276, 462, 374, 273,  34, 382, 106, 230, 252, 403, 428, 314,  36,  95,  87, 176, 286, 263, 269, 158, 533, 259,  90, 564, 358, 219, 204, 317,
 469, 369, 910,  74, 427, 388,   4, 215, 123, 490,  78,  31, 170, 289, 126, 437, 654, 370,  56, 500,  41,  26, 128, 445, 521, 569,  67,   2,  46, 105,  52, 375,
 224, 792,  15, 321,  45, 290, 272, 569, 467, 113, 500, 303, 381,  91, 231, 308, 113, 476, 543, 365, 211, 399, 518, 339, 196,   9, 430, 158, 436, 300, 510, 230,
 374, 158, 340, 412, 269, 307, 137, 288, 139, 138, 145,  95, 150,  67, 107,  24, 335,   6,  27, 427, 362, 406, 328, 102, 375, 101, 305,  40, 370, 186, 206, 532,
 415, 567,   0, 533, 323, 243, 320, 166, 360, 241, 471, 342, 160, 284, 222, 235, 386, 339, 273, 353, 406, 527, 217, 212, 201, 571, 316,  13, 570, 515, 177, 190,
1085,  76, 175,  64,  95,  72, 500, 495, 187, 362, 313, 486,  40,  99, 172, 354, 527, 536, 468, 442, 429, 180,  29, 541, 511, 256, 533, 301, 262, 251,  81, 493,
 340,  49, 447, 248, 428, 528, 387, 539, 135,  65, 289, 116, 487, 453, 550, 232, 298, 363,  84, 521, 201, 566, 443,  91, 212, 399, 162, 432, 411, 207,  82, 330,
1194, 201, 193, 217, 501,  49, 154, 468, 240, 315, 294, 361,  17, 144, 198, 470, 210, 494, 414, 565, 284,   5, 474, 168, 159, 456, 148, 124,  42, 316, 482, 216,
 521, 153, 554,   6, 334, 151,  70, 349, 238,  44, 535, 355,  78,  94, 324, 182, 470, 380,  17, 480, 200, 197, 233, 297, 184, 109, 274, 111, 568, 385,  55, 347,
 769,  44, 415, 162, 114, 506, 370, 374, 380, 377, 513, 558,  81, 421, 177, 429, 253,  61, 207, 191, 486,  38,  95, 352, 175, 246, 238, 223, 361, 305,  33, 332,
 330, 517, 170, 428, 482, 256,  11, 514, 339, 146, 340, 311, 122,  20,  32,  19, 347,  81, 483, 278, 473, 333, 135, 394,  76,   1,   6, 384, 194, 324, 241,  62,
 552, 141, 210, 424,  80, 337, 485, 542, 135, 508, 206,  85, 327,  56, 448, 564, 559, 382, 488, 160,  36, 105, 174, 257, 429,  14, 344,  99, 256, 525, 323, 509,
 265, 489, 411, 148, 527, 152, 562, 248, 136,  21,  30, 253, 197, 439, 208, 167, 184, 305,  38,  98, 259, 355, 169, 123, 351,  28, 484,  82, 565, 534, 460, 461,
  46,  36, 443, 398, 145, 360,  94, 345, 113, 276, 169, 117, 103, 378, 143, 282, 220, 503, 550, 519, 198, 148, 564, 171, 355, 548, 531, 254,  51,  15, 155, 502,
 258, 496, 436, 509,  97, 126, 556, 193,  20, 505,  96, 275,  39, 499, 417, 250, 105, 190, 566, 352,  71, 147, 293, 154, 108, 242, 392, 115, 125, 127, 377, 562,
 144,  19, 212, 481, 190,   1, 333, 252,  48, 356, 547, 284, 412, 410, 437, 185,  25, 303, 282, 506,  16, 376, 230, 551, 453, 434, 497, 255, 321, 452, 249, 178,
 156,  70, 153, 180,  85,  34, 191,  58, 327, 543, 465,  81, 213, 457, 174,  10, 445, 430, 202, 366, 175, 239, 467, 504, 364, 359, 555, 307, 388,  43, 371, 227,
 662, 472, 169, 468, 165, 533,  77, 340, 167, 267,  12, 393,  31, 181, 246, 199, 566, 464, 195, 295, 447, 378,  88, 476, 549, 275, 525,  48,  21, 118,  93, 299,
 377,  86, 422,  60, 338, 266, 126, 398,  49, 519,  34,  46, 509, 145, 332, 175, 428, 563, 148,  90, 340, 420, 495, 241, 154, 489, 186, 403, 107, 353, 335, 329,
 505, 142, 197, 523, 486, 136, 519, 304, 559,  42, 558, 527,  13, 110, 296, 386, 565, 315,  97, 465,  32,  59, 506, 320, 286, 413, 390, 367, 243,  83, 239, 517,
 241, 443, 358, 559,  30, 550, 551,  80, 435, 572, 531,  22, 345, 129, 223,  18, 165, 402, 105, 203, 344, 246, 442,  42,  70, 451, 356, 575,  61, 280, 187, 265,
 175, 418, 563, 385, 115, 102, 113,  38, 222, 401, 463,  83, 246, 122, 156, 196, 403,   9, 127, 287,  19, 330, 116, 189, 573, 237, 440, 324, 344, 304, 185, 380,
 444, 406, 260, 186, 367, 394, 198,  16, 228, 474, 180, 568, 216, 137, 255, 270, 493, 141, 492,  97, 404, 540, 149, 119,  37, 244, 291, 126, 341, 220, 542, 343,
  83, 559, 504, 387, 257, 305, 509, 355, 353, 503, 416, 551, 366,   8, 352, 467, 251, 167, 337,   0, 295, 390,  34, 383, 270, 215, 152, 134,   2, 460, 450, 121,
 231, 313, 434, 261, 492,  89, 264, 430, 573, 493, 300, 446, 168,  93, 357, 502, 144, 162, 552,  99,  53, 548, 310,  40, 498, 194, 333, 545, 315, 508, 225, 285,
  22, 242,  11, 435,  27, 274, 424, 184, 430, 226, 540, 316, 191, 556, 147, 418, 343,  53, 318,  34, 501, 175, 153, 182, 504, 557,  92, 414, 474, 152, 112, 247,
 554, 449, 208, 441, 163, 142, 110, 354, 264, 360,  87, 379, 553, 451, 139, 404, 117, 231, 167,  45, 418, 423, 213, 267,   8, 248, 171, 416, 172, 173, 481, 183,
 299, 273, 544, 233, 109, 483,  51, 547, 417, 405, 205, 195, 312, 210, 271, 378,  85, 294, 276, 327, 159, 490,  28, 535, 114, 310, 157,  17, 138,  52,  89, 326,
 297,  83,  48,  59, 298,  63, 432, 192, 561, 485, 568, 250, 148, 318, 449, 456, 515, 122, 363, 120, 499, 325, 439,  84, 199, 469, 433, 478, 468,  74, 569,  69,
 160, 185,  74, 566,  60, 211, 217, 100,  26, 258,  41, 552, 350, 224, 351, 572, 223, 489, 130, 200, 405, 530, 526, 206, 179, 448,  71, 280, 132, 488,  70, 268,
 274, 442, 182, 402, 478, 196, 146, 150, 124, 371, 107, 345, 214, 513, 362, 138, 279, 213,  63, 290, 186, 287, 324, 391, 263, 342, 539, 532,  75,   0, 181, 133,
  82, 328, 216, 553, 340,  18, 266, 480,  58, 550,  98, 132, 254, 507, 528, 309, 575, 232, 479, 384, 514,  20, 354, 549,   5, 129, 495, 522, 472, 278, 277, 454,
 178, 397, 164, 136, 563, 132, 108, 364, 480, 427,  51, 251, 346, 131, 389, 475, 224, 518,  39, 218,  92, 500, 511, 455, 556, 332,  33, 306, 408,  57, 161, 546,
  11,1293,1389,1077, 671, 304,1163, 213, 947, 574, 767, 361,1019, 404, 416, 385,1224,1058, 330,  20,1206, 119, 305, 455, 785,  14, 532,  62,  89, 362,  31, 459,
 796,1230, 843, 273,1180, 389, 166,  34, 753, 488, 327, 505, 474, 344, 380, 339, 942, 150, 533, 304, 396, 377,  38, 177, 370,  43, 518, 197, 207, 440, 119, 164,
 524, 730,1100, 329, 549, 348, 459, 553, 963, 113, 136, 115, 559, 181,  77, 308,  40, 534,  30,  85, 203, 504, 169, 216, 498,  74, 193, 160, 109, 341, 312, 280,
 253, 434, 505, 454, 461,  71, 398, 426, 218, 339,  58, 347,  16,  47,  30,  44,  12, 207, 532, 232, 542, 331, 138, 402, 291, 304, 437, 475, 327, 125, 137, 499,
 683, 744, 294, 312,  64, 206, 343, 517, 528, 251, 281, 470, 504, 494, 254,   6,1236, 438, 199, 137, 354, 412, 398, 266, 394, 538,  10, 552, 301, 150, 247, 400,
 718,  36,  50, 123, 421, 351, 534, 411, 466, 324, 156, 232,  41, 544,  33, 307, 483, 427,  98,  14, 436, 462, 430,  97,  17,  49, 425, 167, 187,  92, 514, 168,
1150,  76,  25, 459, 163, 461, 463, 306, 220, 145, 215, 205, 136, 379, 250,  52, 159,  88, 142, 141, 564,  82,  62, 294, 202, 152, 217,  48,  20, 201, 105, 134,
 146, 451, 281, 207,  86,  65, 212, 559, 225, 102, 343,   0, 503, 156, 210, 242, 285, 243, 315, 131, 573,  24, 240, 449, 456,  90, 175, 222,  76,  67, 325, 342,
 904,1104,1021, 279, 669,1447, 328, 103, 999,  58, 498, 120, 530, 310,  51, 193, 838, 345,  99, 268, 129, 429, 434, 289, 245, 303, 372,  41,  36, 564, 463,  27,
 137, 309,  90, 451,  47, 313, 306,  26, 181, 235, 546, 170,  24, 437, 171, 483, 527,  67, 396, 426, 540,  91, 202, 133, 455, 250, 383, 441, 273, 431, 345,  40,
1048,  28, 412, 100, 306, 144, 360, 151, 219, 216,   8, 391, 257, 122, 386, 177, 538, 294,  79, 356,   0, 252,  10,   3, 220, 292, 421, 171, 415,  94, 199, 272,
 298, 354, 157, 459, 295,  87, 334, 230, 503, 524, 120, 485,  22, 127, 245, 364, 548, 377, 514,  84, 374, 478, 318, 419, 473, 226, 153, 300, 392, 522, 121, 186,
 282, 493,  63, 539, 272, 210, 169, 218, 366, 494, 429, 190, 137,  44, 405, 195, 157, 360, 375, 267, 572, 499, 148,  17, 276, 543, 522,  51, 158, 237, 192, 460,
 518, 349, 507, 107, 284, 100, 515,  77, 339, 454, 286, 478, 513, 175,  57, 283,   0, 174,  37,  16, 249, 244, 259, 453, 290,   4, 239, 459, 274, 511, 403, 415,
 121, 452, 564,  93, 534, 421, 357, 437, 183, 146,  55,  30, 506, 450,  79,  38, 277,  26, 560, 109, 375, 117, 378, 120, 269, 194, 305, 189, 111, 254,  58, 446,
  69, 441, 500, 406, 141, 164, 454, 165,  40, 287, 436, 265, 562,  19, 445, 352,  79, 558, 417, 163, 328, 204, 372, 509, 525, 322, 165, 336, 212, 467, 251, 508,
1433, 882, 732, 122, 846, 987, 463, 347, 602, 295, 474, 353, 139, 287, 414, 401, 103,   0, 200, 348, 158, 447, 121, 554, 324, 547,  36, 164, 509, 481, 128,  15,
 391, 133, 108, 103, 229,  67, 500, 318,  66, 189,  57, 461, 357, 272, 125, 551, 106, 141, 277, 535, 184, 171, 566, 214, 343, 148, 267, 201,  13, 315,  45, 107,
 989,  65,  81, 396, 296,  70,  35, 470, 440, 333, 159, 453,  40, 561,  92, 173, 547, 428, 116, 490, 516,  23, 170, 431,  35,  31, 108, 390, 115, 483, 157, 389,
   1, 142, 194, 378, 223, 207, 373, 520, 274, 140, 544, 168, 224, 438, 276, 176, 247, 335, 359, 320,  60, 423, 122, 245, 221, 503, 508, 412, 353, 244, 120, 369,
1111, 422, 232,  40, 376, 497, 344, 257, 276, 489,  84, 513, 295, 485, 249, 275, 202, 430, 551, 363,  77,  41, 176,  57,  86,  98, 101,  71, 367, 270, 205,  18,
 428, 538,  44, 386,  91, 446, 379, 269, 145, 488, 194, 309, 264, 277, 487, 333, 233, 534, 204, 162, 239, 445,  95, 387,   5, 389, 221, 349, 138,  46, 418, 394,
 289, 315, 149,  32, 268,  21, 401,  28, 325, 455, 529, 117, 555, 542, 462, 534, 242, 478,  63, 472, 530, 557, 500, 495, 230, 181,  50, 388, 180, 391, 288,  69,
  66, 316, 216, 225, 485, 358, 330, 560,  39, 515, 141, 382, 273, 527, 282, 506, 128,  55, 220,  34,  37, 321, 339, 507, 434,  83,  26, 486, 248, 406, 100,   9,
 628, 589, 358, 519, 289,  78, 472,  90, 349, 138, 295, 137, 114, 234, 261,  93, 377, 205, 285, 496, 150, 405, 529, 440, 173, 510, 502, 167, 335, 261, 482, 428,
 489, 447, 160,  51, 185, 203, 139, 533,  38, 268, 419, 258, 263, 253, 132,  39, 395,  50, 289, 439, 523, 190,  96,  70, 175, 421, 270, 500, 142, 285,  12, 210,
 159, 227, 292, 175, 523,  21, 134, 180, 187, 103,  83, 155, 520, 269, 466, 148, 382, 480, 519, 127,  89, 502, 281, 420, 227, 214, 527, 185, 226, 489, 260, 456,
 538, 560, 283, 444, 233, 569, 537,  79, 171, 401, 311,  33, 112, 351, 396, 324,  93, 479, 559, 394, 293,  61, 208, 530, 133,  59, 362, 462, 334, 397, 484, 493,
 249, 423,  32, 241, 200, 553, 485, 118,  87,  70,  81, 373, 360, 516, 227, 327, 414, 566, 153,  38, 131, 546,   3, 458,  69, 557, 108, 130, 547, 161, 544, 220,
 307, 170, 431, 293, 404, 372, 457,  80, 119, 275, 247,  94, 441, 205, 560, 178, 215, 498, 169,  82, 371, 338, 475, 112, 164, 328, 143, 443, 331, 448, 422, 549,
 406, 492,  57, 246, 430, 224, 191, 102, 418, 405, 533, 286, 319, 194, 310, 228,  51, 304, 461, 288, 206, 152, 119, 511, 429, 412, 293, 259, 348,  99, 264,  42,
 240, 280, 335, 416, 552,   5, 350, 526,  85, 411, 554, 236, 109, 566, 184, 116, 499, 555, 438, 132, 482, 279, 147, 541, 537, 386, 481, 565, 531, 255, 390, 442,
 741, 440, 465,  24, 786, 336, 210, 169, 250, 541, 389,  65, 488, 514, 546, 200, 703, 372,  72, 156, 155, 172,  92,  56,   6,1230, 114, 360, 178, 421, 539,  78,
  19, 502, 544,  28,  55, 432, 265, 555, 511, 202,  84, 527, 339,  13, 261, 180, 154,  88, 206, 549, 564, 166, 416, 231, 365, 211, 103,  93, 380, 551, 228, 209,
 417, 167, 303, 449, 378, 107, 471,  14, 191, 161, 480, 452, 132, 133, 555, 462, 553,  16,  70, 164, 304, 334, 351, 327, 573, 144,  34, 468, 561, 425, 349, 395,
 403, 409, 415, 243, 335, 535,  57, 519,  17, 229, 242,  42, 220,  38, 252, 481,  82, 564, 317, 283,  97, 173, 293, 358, 127, 120, 488,  32, 443, 131, 329, 391,
 789, 461, 468, 545, 442, 455,  85, 451,  93,  69, 251, 387, 340, 128, 399, 447,  89, 274, 186, 155, 475, 532, 226, 548, 543, 354, 351, 413, 542, 309,   4, 123,
   0, 256, 526, 377, 243, 161, 314,  60, 404, 173, 547, 365, 261,  70, 402,  31, 273, 305, 330, 329, 218, 484, 434, 151, 444, 429, 145, 437, 345, 183, 318, 132,
 117, 276,   1,  17, 326, 160, 569, 108, 474, 373, 434,  46, 295, 275, 139, 255, 177, 195, 280, 292, 225, 518, 195, 547,  26,  95, 238, 200, 386,  36, 237,  59,
 126, 575, 239, 144, 450, 120, 289, 476, 125,  37, 559, 169, 472, 170, 259, 263,  63, 383, 101, 362, 254, 193, 241,  29, 105,  23, 344, 266, 534, 489, 363, 497,
 673, 566, 301, 448, 275, 315, 315, 173, 499, 323, 452, 299, 118,   5, 234, 398, 493, 244, 472, 250, 468, 503, 223, 403, 103, 139, 554, 249,  74,  28, 535, 476,
 560, 266, 256,  12, 207, 444, 206, 545, 238,  17,  70, 109, 531,  76,  46, 445, 339, 128, 562, 162, 508, 160, 165, 310, 191, 496, 424, 333, 400,  26,   3,  80,
  52, 440,  44, 517, 354, 472, 427,  74, 491, 486, 302, 420, 158, 450,  91,   0,  12, 201, 320,  18,  27, 565, 359, 407, 332,  79, 248,  87, 299, 575, 110, 376,
 246, 363, 268, 319, 249,  33, 429, 384, 490, 331,  78, 224, 498,   9, 309, 543,  46, 110, 199, 325, 302, 571, 189,   8, 413, 155,  75, 423, 176, 267, 451, 366,
 341, 468, 263,  33, 483, 197,  30, 390, 344, 551, 324,  57, 395, 162, 440,  95, 522, 209, 476, 347, 352, 367, 499, 537, 240, 160, 144, 450,  84, 519, 477, 262,
 343, 494, 254, 316,  41, 222, 277, 326, 541,  71, 252, 171, 253, 226,  48,  99, 401, 247, 535,  85, 138, 321, 261, 260, 211, 382, 456, 264, 117, 136,  53,   1,
 484, 308, 232, 514,  67, 491, 394,  40, 134, 289, 379, 221, 307, 444, 124, 317, 246, 527, 134, 150, 406, 389, 308,  39, 208, 190, 521, 569, 510, 153, 431, 515,
 364, 145, 258, 106, 391, 103, 435,  89, 530, 544, 165,  15,  60, 418, 495, 381, 123, 357, 102, 337, 398, 185, 570, 568,  96, 465, 116, 334, 529,  25,  56, 563,
  28,  18, 351, 294, 948, 493, 372, 383, 153,  51, 216, 370, 317, 390, 358,  22, 210, 113, 386,  13, 214, 264,  76, 374, 276, 253, 405, 169, 160, 163,  11, 191,
  45, 320, 158, 248, 572, 480, 393,  66,  31, 247,  89, 146, 405, 470,  82, 225, 176,  74,  53, 129, 181, 227, 473, 307, 252, 546,  55, 540, 486, 393,  81, 140,
 551, 443, 230, 219, 263, 187, 167, 312, 156, 511, 131, 106, 249, 360, 522,  21, 171, 242, 448, 485, 554,  80, 445, 346, 102, 444, 401, 109, 384, 332, 361, 435,
 271, 509, 133, 201, 309, 371, 298,  72, 454, 283, 339, 498, 306, 539, 152, 305,   5, 521, 269, 418, 343, 228,  87, 453, 222, 420, 464, 319, 277, 482, 311,  94,
  94, 218, 146, 161, 383, 173,   0, 428, 501, 154, 453,  44, 280, 412, 240, 284, 316, 257, 313, 152, 208, 362, 175, 147, 121, 490, 353, 555, 223, 463,  32, 300,
 436, 317, 338, 255,   9, 259, 454, 496, 324, 571, 197, 564, 533, 208,   8, 215, 236, 108, 216, 226, 327,  12, 180, 105, 150, 337, 439, 509,  83,  58, 417, 570,
 395, 178, 199, 168,  74, 457,  21, 138, 138, 403, 364, 371, 230, 176, 127, 302, 358,  84, 326, 419, 468, 211, 272, 488, 558, 243, 359, 357, 281, 290, 377, 505,
 535, 119, 227, 354, 203, 213, 190, 531, 442, 114, 185, 367, 568, 355, 411, 301, 163, 187, 332, 345, 156, 525,  43, 286, 186, 298, 408, 174, 427, 192, 574, 556,
 411, 314,  71,   6,  83, 341, 108, 439,  93, 307, 551, 468, 154, 259,  52, 222,  40, 408, 341, 251, 157,  64, 246, 486,  90, 271, 402, 404, 141, 100, 145,  60,
 317, 223,  75, 328, 479, 323, 174,  20, 227, 230, 218,  96,  63, 216, 367, 278, 460, 220,  41, 149, 301,  32, 280, 513, 447, 573, 406, 219,  34, 425, 480, 552,
 478, 562, 114, 572, 168, 209, 181, 540, 170, 388, 519, 400,  88, 385, 500, 186,  42, 235,  21, 355, 559, 333, 290,  19, 501, 313,  95, 352, 344, 347, 274, 239,
 162, 115,  27,  97, 488, 300, 491, 161,  99, 392, 282,  36, 261, 558, 455, 550,  44,  14, 178, 467, 536,  48, 370,  86,  47, 111,  20, 430, 517, 414, 113, 179,
 495, 294, 115, 424, 187, 273, 503, 245, 270, 291, 329, 213, 407, 434, 304,  43, 279,  67, 508, 380, 163,  97, 400, 492, 330, 574,  59, 184, 467, 126, 303,  37,
  14, 147, 117, 381,  69, 172, 313, 466, 310,  98, 505,  92, 456,  11, 567, 525, 231, 379, 201, 207, 369, 306, 502, 474, 461, 325, 575,  61, 122, 265, 378, 356,
 338, 285, 420, 372, 428,  26, 262, 183,  79, 361, 398,  22, 248,  62, 243, 202,  17, 374, 192, 365, 323, 464, 140, 233, 435, 475, 314, 393, 470, 217, 518, 297,
  91, 318, 177, 272, 336, 366, 322, 375, 402,  64, 542, 460,  10, 532, 287,   2,  28, 326, 221, 528,  81, 124, 136, 433, 256, 432, 360, 198, 167, 182, 196, 135,
 295,1317, 286, 460, 606, 495, 106, 337, 984,  36, 241, 456, 502, 292, 291, 435,1382, 201, 386, 256, 192, 157, 280, 434, 575, 433, 411, 244, 307, 129, 467, 408,
 461,   0, 357, 246, 525, 396, 318, 182, 567, 418, 573,  97, 260, 458, 433, 174,  46, 218, 259, 181, 287, 138, 505, 484, 555, 135, 157, 169, 200, 101, 454, 453,
1011, 445, 559, 417, 486, 309, 203, 109, 173, 433, 462, 281,  64,  87, 510,  43, 185, 246,  41, 359,  63, 476, 104, 421, 156, 410,  39, 143, 460,  19, 562, 162,
 483, 307, 489, 558,  88, 250, 340, 210, 180, 470, 422, 552, 354, 128,  74, 277,  18, 390, 481, 301, 454, 417, 257,  31, 159,  92, 364, 549, 523, 463, 521, 472,
1063, 269, 495, 136,  69, 328, 312, 303, 542, 108, 458, 502, 570,  55, 229, 443, 370, 122, 190, 389,  58, 333, 429, 203, 550, 325, 290,  44, 382, 475,  90, 167,
 418, 436, 169, 403, 350, 470, 132, 200, 297, 546, 112, 274, 300, 240, 361, 207, 104, 519, 570, 252, 454, 428,  86, 341,  58, 224, 279, 401,  93, 373, 334, 321,
 162, 541,  12, 453, 351, 259,  41, 490, 279, 515, 327, 535, 442, 344, 332, 545, 245, 540,  73,  40,  98, 127, 232, 243,  97, 308, 455,  70,  26, 283, 438, 261,
 262, 394, 186, 551, 480, 405, 425,  32, 134, 384, 323, 133, 246, 345, 348, 158, 512, 501, 303, 404, 410,  78, 384, 338, 421, 191, 526,  57, 490, 374, 439, 572,
  68, 460, 371, 211, 829, 294, 239, 566, 458, 171, 159, 501, 236, 190, 323, 142, 104, 278,  61, 356, 287, 461, 377, 448, 233, 419, 111, 329, 258,  88,   6, 235,
 478, 548, 154,  25, 476, 191, 349, 382, 228, 206, 331, 104, 443, 306, 412, 531, 183, 158, 247, 348, 575, 340, 441, 490, 160, 262,  42, 339, 363, 170, 105, 332,
 266, 247, 296, 385, 283,  84, 160, 423, 567, 352, 168, 147, 221,  45, 561,  32, 267, 565, 307, 546,  50, 475, 298, 488, 239, 263, 374, 275, 555, 274, 230, 380,
 366, 217,  80,  50,  70,  85,  29,  73, 318, 101, 378, 124, 202, 554, 117, 446,  43, 280,  34, 213, 118, 312, 513, 114, 224,  48, 125,  63,  95, 528, 150, 536,
 386,  99,   0, 467, 305,  50, 186, 535, 394, 265, 518, 484, 396, 481, 221, 140, 480, 292, 289, 164, 128,  80,  20, 310, 216, 253, 361,  94, 487, 197, 324, 107,
 167, 472, 427,  69, 176, 327, 316, 113,  89, 455, 504, 294, 145, 223, 152, 388, 568, 230,  27, 378, 550, 547, 124,  59, 509, 153, 243, 517, 146, 184, 185, 295,
 188,  79, 116, 465, 512, 548,   4, 261,  36, 186,  37, 245, 104, 517, 320, 370, 193, 250, 138, 379, 315, 531, 411, 126, 493, 102, 309, 474, 451, 330, 214, 418,
 148, 278, 392, 260,  17, 268, 304, 399, 406, 257,  13, 375, 333, 155,  28, 408, 397, 248, 211, 567, 166, 385, 501, 362, 235, 367, 223, 387, 551, 106, 313, 271,
 929, 401, 140,  63, 333, 340, 228, 354,  28, 351,  48, 539,   8, 543, 485,  29, 475, 266, 117,  26, 365, 545, 545, 283, 220, 464, 255, 208, 569, 548,  84, 350,
 211, 227, 378, 571, 390,  95, 532,  37, 403, 517, 558, 520, 446, 399,  17, 325, 155, 152,  22,   4, 430,  35, 401,  21, 147, 318,  54,  35, 144, 206, 349, 371,
  26, 144,  15, 286, 120,  45, 570, 300, 260, 564, 384,  61,  78, 165,  99, 419, 439, 184, 467,   1, 153,  13, 573, 199, 106, 568,   2, 273, 362,  10,  53, 345,
 513, 536, 308, 268, 138, 175,  36, 437, 442, 496, 110, 524,   0, 154, 149, 478, 189, 389, 482, 310, 256, 388, 266,  49, 396,   6, 509, 183,  11,  51,  71, 465,
 119,  81, 361, 434,  67, 500, 554, 155, 113,  32, 505, 491, 414, 226, 476,   7,  56, 240, 358, 473, 271,  14, 282, 335, 350, 307, 347, 227, 567, 250, 154, 451,
 222, 195, 514, 223,   4, 140, 178, 239,  63, 377, 265, 433, 435, 120,  78, 153, 563, 178,  20, 217,  27, 456, 237, 477,  69, 504, 312,  91, 482, 110, 163, 366,
 255, 264, 360, 429, 133, 349, 421, 171,  18,  89, 428, 376,  34, 274, 391, 248,  25, 104, 402, 254,  94, 196, 187, 110, 346, 247, 316, 331, 499, 436, 306,  75,
 423,   8,  67, 311,  96, 522, 527, 415, 341, 334, 127, 448, 178, 157, 540,  98, 214, 376, 134, 249, 135,  15,  33, 221, 379, 210,  19, 494, 561, 398, 543, 469,
 167, 252, 227, 504, 452, 161, 398,  40, 420,  83,  86, 154, 279, 298, 425, 568, 522,  92, 265,  81, 508, 527, 564, 542, 340, 277, 570,  76, 445, 384, 211, 427,
  55, 106,  18, 479, 104, 518,  76, 137, 280, 335, 158, 405,  58,  86, 290, 297,  37,  66, 197, 192,  26, 370, 109,   5, 486, 177, 246, 225, 130, 316, 115,  30,
 552, 162,   0, 563, 418,  25, 474,  16,  41, 383, 218, 196, 375, 270, 514, 256, 416, 371, 338, 287, 327, 282, 381,  55,  22, 559, 182, 276, 134, 174, 497,  72,
 504, 346, 193, 344, 339, 328, 353, 131,  82,   7, 511, 330, 535,  53, 169, 156, 352, 108, 329, 525, 368,  39, 424, 222,  45, 323, 229, 373, 213, 361, 242, 450,
 103, 437,  93, 313, 247,  10, 483, 307, 357, 555, 488,  67, 261, 479, 393, 573, 503,   2, 266, 343, 364,  73,  13,  46, 287, 180, 272, 296, 251,  16, 399,  24,
  74, 508, 257, 363,  84, 347,   9, 216, 416, 492, 444, 369, 529, 534, 519, 199,  60, 144,  83, 544, 254, 402, 159,  65, 497, 572,  64,  88, 123, 320, 355, 471,
 201, 281,  30, 150,  44, 114, 448, 208, 163, 324, 383, 235,  96, 417,   1, 123, 502, 168, 300,  53, 101, 533, 532, 145, 117, 105, 354, 449, 457, 241, 432, 231,
 340,  42, 165, 129, 265, 463, 440, 197,  73, 338, 553,  56, 129, 380, 337, 413, 559, 154, 510,  52, 102, 539, 447, 238, 356, 284, 195, 172,  21, 198, 253, 299,
 780, 393, 272,  86,  48, 559, 205, 201, 316,  55, 202, 102, 166, 246, 138, 468, 401, 100, 414, 570, 199,  89, 150,  43, 368, 121,   0,   8,  60, 195, 137, 537,
 568, 391, 462, 432, 257, 286, 549, 565, 274, 252, 153, 298, 273, 210, 420, 378, 475, 467,  89, 381, 440, 468, 367,  67,  36,  73, 139, 508,  99, 317,  12, 108,
 167, 355, 214, 555, 242, 427, 100, 198, 380, 326, 444, 500, 356,  86, 368, 338, 438, 344, 373, 106,  18, 463, 511, 140, 535, 287, 475, 398, 310, 524, 163, 422,
 508, 542, 175, 343, 226, 330, 418, 400, 231,  41, 328, 107,  50, 394, 211, 172,  59, 530,  77, 477, 126, 324, 184, 116, 297, 340, 503, 302, 337, 560, 292, 314,
 366, 280, 273, 314, 168, 174, 573, 114, 371, 549, 191, 567, 320, 348, 109,  63, 544,  32, 182,  28,  72, 115, 528, 478, 572, 199, 236, 229, 349, 202, 445, 425,
 318,  39, 421, 122, 100, 277, 224, 503, 525, 164, 230,  72, 205,  74, 448, 530, 515, 460, 284, 173, 271,  22,  66, 485, 478, 396, 569, 176, 491, 554, 498, 553,
 519, 435, 347, 534, 235, 350, 221, 157,  14, 272, 504,  53, 147, 430,  73,  88, 113, 161,  69, 170, 437, 552, 575, 220, 420, 175, 129, 179, 485, 416, 122, 218,
 322, 488, 103, 333, 245, 183,  26, 247,   4, 536, 539, 181, 115, 249,   5, 319, 265,  30, 400, 382, 179, 223, 219, 523, 264, 513,  87,  45, 506, 296, 268, 479,
 313, 569, 106, 169, 416, 272,  50, 129, 132, 493, 327,  64, 328, 334, 116, 438, 105, 417, 175,  58, 245, 284, 504, 430, 371,  50, 232, 312, 319, 176, 353, 436,
 239, 500,  88, 285, 276, 407, 148, 463, 441, 157, 453, 155, 102, 372, 217, 522,  49, 283, 158, 200, 136, 360, 389, 351,   2, 422, 193, 187, 180, 261, 220, 269,
 562, 456,  79, 305,  98, 260, 273,  82, 152,  84, 325, 507, 200, 343, 101, 264, 148,  91, 491,  51, 556, 357, 316, 505, 197, 222, 130,  23, 358,  93, 541, 442,
 243, 177, 468, 315, 431, 379, 533, 401,  79, 207, 502, 290, 434, 447, 341, 574, 409, 452, 350,  60, 119, 435, 263, 159, 547, 137, 428, 397, 303, 466, 557, 492,
 300, 511, 104, 348, 325, 365, 298, 538, 433, 524, 188,  47, 539, 331, 164, 141, 213,  86, 259, 340, 317, 156, 462,   9, 362,  34, 490, 131, 379, 311, 419, 286,
 481, 556, 128,  38, 419,  51,  42, 469, 376, 281, 326, 510, 548,  18, 489, 358,  67, 335, 328, 208,  62, 228, 255, 121, 405, 214, 338,  21, 446,  52,  35, 346,
 178, 127, 312, 242, 210, 225, 525, 414, 377, 203, 194,  90, 560,  77, 285,  92, 133, 181, 530, 405, 384, 236, 404, 368,  38, 439, 226, 483,  49,  71, 566, 369,
 474,  13, 499, 139, 546, 420,   6,  75, 540, 538, 209, 295, 142, 301,  61, 464,  58, 112, 205, 520, 171, 353, 558, 270, 168,  31,  65,  11, 234, 149,   7, 516,
 170, 193, 293, 271, 166, 498, 306, 416,  67, 279, 340, 532, 563, 402, 117, 151, 248,  80, 372, 515, 230,   7, 531, 489, 207, 268, 104, 518, 455, 238, 360,  85,
 566, 185, 243, 191, 445, 158, 516, 499, 361, 373, 541, 190, 527, 504, 431, 233, 347, 272, 369, 292,   2, 313,  44,  10, 354, 533, 394, 161,  39, 282, 336,  25,
  77, 190, 336, 174, 227, 452, 284, 575, 546, 471, 116,  58,  38, 484,  46, 487, 186, 132, 481,  37,   3,  17, 180, 224, 209, 136, 317, 459, 530, 458, 124, 259,
 216, 117, 154, 196, 112, 104, 279,  83, 404, 200, 518, 289, 395,  81, 162, 501, 390, 491, 288, 399, 544, 281, 141,  64,  62, 204,  24, 514, 232, 294, 538, 188,
  43, 123, 546, 282, 551, 163, 486, 408, 537, 544, 507, 480, 536, 159,  65, 177, 574, 334, 484, 263,   6,  50, 144, 562, 319, 260,  74, 415, 326,  82, 193, 397,
 202, 339, 370, 101, 438, 386, 352, 209, 468, 254,  95, 426, 106,  59, 256, 143, 387, 308, 517, 395, 393, 431, 235, 276, 299, 165, 374, 142, 114, 364, 452,  79,
 153, 307,  36, 569, 181, 205, 396, 253, 233,  85, 335,  20, 372, 189, 461, 363, 145, 440, 466, 550, 443, 139, 252,  96, 192, 529, 406, 112, 164, 103, 423, 392,
 388, 267, 229, 160, 283, 212,  56, 251, 269, 562, 414, 206,  80, 293, 409, 130, 158, 411, 250, 234,  90, 510, 275,  47, 137,  27,  16, 407, 520, 424, 278, 258,
  70, 301,  73, 255, 320, 433, 555,  91, 440,  30, 556, 531, 543, 415,  97, 406, 285, 553, 534, 165, 250, 509,  57, 444, 235,  33, 215, 212, 266, 302, 388,  98,
 483, 396,   1,  62,  16, 497, 460, 232,  40, 166, 284, 245, 314, 201,  14, 528,  94, 249, 547, 470, 490, 454, 262, 194, 260, 304, 437,  77, 507, 221, 203, 512,
 155, 341, 436, 395, 367, 453, 176, 521, 386, 419, 443, 128, 399, 441, 382, 119, 421, 293, 410, 446,  79, 567, 403, 146, 391, 262, 257, 321,  15,   4, 289, 322,
 312,  23, 228, 121, 393, 303, 376, 529, 100, 350, 472, 126,  37, 342, 365, 237, 348, 349, 334, 537, 412, 215, 331, 236, 295, 495, 476, 457, 383, 526, 494, 240,
 215, 332, 122, 135, 515,  87,  45, 281,  48, 148,  19, 336, 465, 219, 565, 523, 110, 351,   8, 323, 485, 243,  31, 482, 500,  78, 283,  49, 218, 389, 120, 409,
 564, 486, 189, 412, 195, 557, 296, 459, 384, 241, 390, 368, 429, 521, 292, 359, 309, 450, 536, 560, 373, 188, 413, 561, 305, 375, 385, 506, 449, 288,  23, 410,
  55, 573, 179, 557, 498, 329,  76,  54,   9, 570, 422, 512, 387,  12, 267, 204, 345, 311, 441, 107,  24, 229, 342, 125, 381, 462, 315, 166, 469, 426, 571,  66,
 549,  35, 451, 425, 173, 134, 493, 111, 400, 476, 548,   3, 308, 477, 244, 473, 302,  72, 458, 487, 471, 143, 524, 291, 140,  29, 151, 118, 545,  54, 496,  68
# End of WOM_finder solution for a <1471,576>/14 code
