# Begin of <32,32,32,32,32> / 14    WOM-code :
22, 0, 19, 3, 21, 7, 3, 15, 15, 5, 31, 30, 4, 8, 18, 3, 16, 10, 4, 16, 10, 27, 30, 24, 30, 4, 19, 1, 21, 5, 5, 29, 
30, 30, 30, 1, 1, 24, 17, 25, 29, 19, 27, 18, 20, 13, 10, 23, 17, 30, 9, 7, 9, 12, 25, 7, 17, 21, 1, 26, 13, 9, 17, 27, 
17, 14, 29, 10, 0, 13, 2, 30, 12, 12, 11, 4, 2, 5, 31, 22, 28, 0, 6, 18, 14, 7, 1, 28, 10, 20, 14, 7, 13, 16, 2, 22, 
23, 10, 17, 27, 5, 16, 5, 2, 30, 22, 19, 6, 1, 22, 3, 21, 13, 6, 11, 14, 4, 1, 23, 26, 20, 31, 13, 24, 10, 14, 19, 13, 
20, 10, 19, 2, 5, 20, 19, 20, 5, 8, 11, 0, 24, 19, 3, 20, 26, 12, 31, 1, 15, 1, 9, 1, 25, 7, 5, 10, 0, 31, 22, 1, 
12, 21, 9, 18, 6, 4, 1, 27, 10, 26, 1, 30, 26, 28, 20, 31, 20, 3, 24, 18, 19, 16, 11, 20, 13, 30, 8, 6, 9, 16, 14, 5, 
3, 3, 5, 30, 22, 20, 10, 26, 6, 24, 16, 0, 10, 19, 9, 31, 8, 22, 22, 19, 4, 17, 29, 4, 11, 17, 22, 28, 18, 2, 5, 29, 
2, 19, 15, 7, 29, 30, 3, 29, 23, 24, 22, 7, 17, 10, 13, 1, 16, 25, 20, 30, 25, 9, 0, 29, 27, 11, 11, 12, 6, 14, 3, 12, 
24, 30, 5, 22, 22, 28, 14, 10, 18, 19, 1, 8, 30, 10, 9, 30, 7, 12, 21, 31, 11, 0, 4, 11, 13, 26, 23, 24, 14, 7, 6, 19, 
18, 0, 18, 25, 15, 15, 17, 16, 24, 15, 22, 2, 14, 21, 31, 28, 0, 29, 20, 12, 3, 25, 24, 29, 3, 13, 26, 20, 28, 25, 8, 30, 
4, 5, 14, 15, 2, 23, 5, 13, 1, 6, 0, 7, 22, 14, 6, 29, 19, 4, 20, 31, 26, 24, 23, 6, 0, 2, 5, 2, 6, 11, 17, 8, 
25, 13, 24, 8, 12, 27, 20, 16, 26, 13, 17, 10, 20, 29, 23, 16, 17, 3, 22, 7, 14, 18, 31, 21, 2, 27, 17, 28, 17, 13, 5, 7, 
20, 0, 9, 23, 13, 29, 21, 17, 4, 3, 11, 24, 20, 26, 5, 10, 6, 30, 18, 22, 1, 30, 7, 20, 19, 6, 19, 25, 26, 15, 3, 9, 
19, 26, 14, 7, 7, 1, 30, 25, 3, 24, 13, 30, 6, 11, 12, 13, 10, 21, 2, 27, 22, 21, 28, 12, 27, 27, 31, 31, 24, 8, 8, 10, 
28, 15, 4, 17, 28, 28, 1, 0, 0, 16, 17, 26, 28, 30, 26, 0, 4, 11, 22, 3, 3, 18, 19, 16, 4, 11, 13, 5, 14, 15, 1, 2, 
13, 7, 21, 0, 14, 5, 13, 26, 29, 23, 9, 17, 19, 12, 11, 2, 24, 9, 16, 18, 15, 6, 31, 5, 25, 14, 2, 27, 5, 14, 15, 22, 
2, 10, 13, 20, 3, 27, 11, 3, 18, 21, 30, 1, 23, 29, 9, 24, 12, 18, 21, 28, 8, 25, 15, 10, 8, 12, 21, 28, 23, 21, 23, 8, 
3, 8, 10, 28, 16, 11, 26, 21, 2, 25, 23, 10, 7, 28, 19, 25, 26, 25, 6, 15, 12, 7, 6, 4, 11, 30, 15, 19, 2, 22, 1, 3, 
6, 22, 16, 22, 27, 25, 18, 13, 17, 2, 31, 13, 31, 15, 8, 15, 31, 0, 22, 7, 12, 0, 6, 12, 20, 13, 2, 1, 18, 20, 16, 21, 
27, 29, 6, 30, 0, 12, 29, 10, 13, 24, 21, 20, 19, 20, 16, 31, 8, 12, 4, 23, 29, 2, 15, 26, 22, 31, 20, 22, 21, 0, 14, 3, 
30, 31, 8, 17, 30, 2, 24, 4, 28, 22, 18, 7, 11, 30, 27, 12, 3, 31, 29, 9, 17, 16, 8, 25, 15, 27, 30, 25, 25, 10, 29, 0, 
31, 20, 12, 8, 0, 20, 14, 3, 25, 14, 20, 22, 3, 26, 28, 8, 2, 27, 24, 28, 8, 15, 2, 6, 13, 15, 27, 1, 2, 30, 1, 4, 
25, 21, 27, 18, 16, 7, 10, 16, 22, 29, 23, 26, 23, 9, 18, 13, 12, 24, 18, 25, 27, 27, 24, 18, 12, 31, 19, 15, 19, 20, 15, 12, 
0, 21, 16, 2, 0, 23, 30, 28, 9, 15, 24, 21, 0, 8, 10, 7, 17, 9, 22, 26, 26, 10, 30, 9, 5, 9, 11, 14, 11, 1, 6, 31, 
20, 14, 0, 27, 15, 20, 19, 19, 16, 18, 24, 12, 7, 28, 0, 19, 14, 21, 14, 19, 11, 20, 20, 15, 14, 16, 23, 22, 11, 12, 14, 24, 
14, 6, 23, 12, 28, 6, 16, 13, 31, 14, 11, 18, 29, 5, 4, 17, 25, 20, 3, 13, 16, 18, 4, 15, 2, 0, 27, 11, 5, 4, 2, 2, 
6, 30, 18, 3, 21, 21, 23, 7, 8, 8, 4, 27, 12, 30, 20, 27, 20, 10, 26, 5, 8, 14, 24, 2, 30, 6, 1, 9, 29, 24, 7, 1, 
19, 1, 22, 29, 20, 23, 5, 1, 12, 4, 25, 15, 17, 20, 14, 0, 5, 15, 13, 31, 23, 10, 3, 12, 15, 3, 13, 20, 2, 11, 0, 25, 
0, 5, 20, 28, 28, 19, 14, 24, 28, 1, 9, 17, 6, 26, 3, 31, 19, 25, 6, 11, 12, 24, 7, 27, 21, 20, 22, 11, 7, 15, 13, 14, 
23, 24, 14, 0, 16, 14, 3, 18, 16, 11, 8, 15, 1, 13, 12, 6, 8, 4, 16, 10, 25, 21, 6, 11, 18, 19, 10, 3, 5, 0, 15, 30, 
26, 19, 31, 28, 10, 25, 9, 17, 4, 20, 30, 20, 30, 12, 9, 3, 6, 4, 0, 14, 4, 2, 0, 20, 27, 22, 16, 1, 9, 3, 14, 21, 
8, 11, 28, 9, 18, 17, 21, 8, 11, 6, 14, 7, 28, 9, 4, 29, 7, 23, 16, 13, 13, 5, 2, 16, 30, 8, 13, 20, 7, 27, 28, 5, 
25, 28, 25, 26, 28, 29, 14, 29, 1, 7, 4, 11, 1, 4, 29, 9, 16, 2, 13, 4, 18, 17, 8, 16, 14, 28, 21, 27, 20, 17, 24, 0, 
13, 27, 22, 0, 28, 17, 31, 21, 9, 22, 11, 16, 24, 6, 28, 5, 22, 24, 14, 6, 25, 24, 20, 5, 22, 13, 13, 22, 3, 20, 4, 15, 
19, 27, 22, 29, 6, 11, 7, 27, 7, 2, 29, 26, 29, 5, 7, 17, 25, 3, 21, 16, 19, 21, 2, 22, 27, 24, 22, 15, 13, 11, 23, 14, 
5, 12, 16, 29, 25, 23, 9, 25, 1, 31, 8, 8, 6, 4, 20, 31, 27, 29, 18, 6, 29, 18, 9, 17, 11, 24, 13, 5, 22, 28, 3, 6, 
28, 19, 2, 20, 16, 17, 13, 26, 31, 10, 30, 1, 8, 19, 3, 14, 26, 6, 5, 25, 20, 7, 15, 2, 5, 29, 15, 24, 14, 9, 22, 16, 
1, 6, 13, 7, 11, 17, 0, 8, 25, 1, 10, 29, 16, 18, 22, 7, 17, 16, 20, 1, 15, 6, 13, 13, 5, 5, 26, 23, 21, 31, 25, 1, 
3, 24, 26, 5, 19, 2, 31, 22, 18, 27, 21, 16, 20, 24, 27, 2, 10, 22, 29, 19, 23, 24, 28, 0, 25, 19, 12, 7, 23, 31, 23, 3, 
2, 31, 11, 29, 9, 17, 16, 1, 20, 21, 12, 13, 30, 6, 10, 5, 8, 6, 5, 14, 6, 26, 9, 9, 19, 29, 21, 31, 7, 4, 7, 26, 
27, 5, 21, 29, 15, 23, 8, 25, 15, 9, 24, 8, 12, 17, 20, 24, 3, 7, 18, 8, 10, 7, 6, 3, 28, 10, 8, 6, 8, 22, 12, 5, 
20, 0, 1, 19, 5, 9, 19, 17, 13, 17, 29, 28, 15, 11, 26, 24, 16, 20, 16, 27, 25, 23, 2, 27, 2, 28, 14, 19, 13, 28, 10, 8, 
22, 9, 21, 16, 1, 23, 29, 17, 28, 17, 5, 16, 8, 20, 22, 12, 24, 4, 27, 29, 10, 4, 9, 7, 9, 21, 8, 26, 5, 1, 2, 15, 
22, 7, 23, 8, 16, 5, 27, 12, 2, 30, 29, 30, 1, 2, 15, 4, 12, 19, 20, 22, 30, 20, 13, 16, 27, 14, 18, 1, 27, 0, 6, 28, 
14, 9, 13, 20, 27, 25, 2, 6, 5, 10, 12, 15, 15, 13, 19, 4, 0, 25, 30, 14, 23, 24, 16, 18, 17, 0, 6, 15, 5, 2, 0, 11, 
27, 22, 17, 17, 17, 8, 14, 24, 2, 12, 13, 15, 4, 1, 7, 3, 23, 22, 18, 17, 27, 17, 5, 14, 20, 10, 25, 24, 9, 5, 2, 27, 
11, 7, 1, 14, 26, 8, 4, 27, 24, 27, 28, 15, 24, 17, 4, 0, 19, 18, 21, 22, 25, 18, 26, 0, 28, 5, 17, 10, 27, 4, 13, 16, 
17, 23, 10, 2, 16, 6, 2, 11, 14, 12, 5, 9, 3, 13, 6, 24, 23, 24, 12, 25, 19, 23, 10, 21, 26, 2, 16, 17, 1, 30, 25, 0, 
4, 23, 27, 22, 28, 25, 12, 31, 5, 3, 13, 4, 17, 12, 31, 6, 18, 5, 27, 14, 29, 9, 27, 30, 9, 18, 2, 23, 13, 2, 7, 12, 
15, 13, 22, 14, 18, 0, 12, 14, 21, 9, 6, 9, 24, 8, 15, 6, 12, 25, 5, 23, 10, 31, 17, 17, 10, 1, 10, 7, 16, 3, 28, 14, 
10, 31, 18, 26, 10, 9, 14, 25, 8, 6, 3, 0, 8, 16, 20, 11, 24, 20, 13, 7, 8, 30, 13, 10, 29, 26, 10, 20, 8, 21, 27, 25, 
23, 8, 14, 17, 7, 29, 1, 11, 30, 30, 21, 24, 10, 0, 17, 13, 30, 3, 22, 7, 4, 9, 28, 14, 24, 17, 12, 24, 20, 13, 27, 21, 
25, 5, 7, 30, 6, 24, 12, 3, 28, 16, 25, 11, 20, 21, 22, 15, 28, 4, 28, 13, 27, 11, 25, 10, 1, 29, 10, 4, 13, 1, 26, 2, 
11, 25, 31, 16, 21, 3, 1, 8, 4, 27, 19, 18, 23, 29, 11, 5, 28, 24, 15, 31, 14, 29, 4, 7, 7, 26, 11, 0, 3, 12, 5, 18, 
26, 3, 21, 24, 25, 6, 0, 19, 17, 22, 24, 25, 20, 24, 10, 1, 12, 27, 0, 14, 13, 30, 22, 4, 19, 15, 26, 6, 14, 1, 3, 25, 
16, 29, 26, 31, 26, 3, 13, 4, 2, 19, 21, 16, 31, 24, 8, 17, 29, 11, 5, 12, 0, 2, 5, 28, 9, 3, 23, 24, 14, 23, 16, 9, 
5, 26, 19, 31, 7, 4, 25, 14, 13, 20, 28, 5, 29, 24, 10, 29, 16, 15, 1, 4, 26, 29, 23, 3, 6, 17, 13, 22, 22, 10, 0, 4, 
12, 25, 30, 22, 28, 27, 20, 4, 29, 0, 26, 8, 10, 16, 2, 12, 24, 6, 22, 14, 9, 1, 15, 30, 5, 2, 25, 9, 3, 15, 11, 20, 
6, 31, 8, 12, 27, 7, 16, 30, 23, 6, 15, 18, 8, 12, 5, 7, 8, 29, 31, 6, 15, 1, 8, 7, 28, 11, 28, 8, 6, 0, 10, 31, 
18, 16, 11, 19, 15, 22, 18, 0, 12, 3, 5, 3, 7, 7, 11, 23, 8, 10, 28, 21, 14, 6, 5, 26, 27, 10, 20, 30, 1, 17, 22, 15, 
19, 28, 24, 4, 20, 3, 23, 8, 20, 24, 3, 9, 21, 5, 19, 14, 16, 10, 19, 3, 21, 9, 7, 21, 26, 13, 29, 5, 14, 29, 1, 24, 
27, 28, 9, 2, 24, 7, 4, 5, 23, 11, 31, 20, 10, 23, 9, 16, 13, 1, 22, 0, 1, 3, 12, 29, 27, 26, 9, 25, 15, 22, 17, 8, 
0, 29, 6, 6, 20, 18, 14, 9, 5, 21, 0, 10, 3, 24, 2, 27, 8, 2, 4, 27, 10, 19, 25, 22, 31, 1, 12, 18, 28, 29, 26, 3, 
20, 26, 7, 15, 7, 0, 10, 30, 5, 28, 3, 26, 3, 21, 18, 11, 1, 0, 13, 23, 11, 24, 31, 6, 8, 28, 27, 2, 20, 13, 10, 19, 
23, 11, 14, 21, 18, 4, 20, 26, 29, 30, 11, 30, 25, 15, 19, 28, 12, 10, 28, 7, 26, 18, 12, 7, 9, 2, 23, 29, 4, 27, 1, 26, 
0, 12, 30, 1, 19, 14, 28, 1, 6, 14, 31, 17, 2, 24, 5, 2, 29, 28, 19, 31, 13, 29, 25, 5, 4, 12, 15, 16, 31, 23, 12, 8, 
6, 16, 30, 11, 26, 21, 11, 12, 12, 8, 30, 29, 31, 21, 30, 26, 29, 2, 1, 31, 9, 11, 0, 31, 2, 18, 21, 18, 3, 3, 23, 27, 
14, 7, 10, 28, 8, 28, 25, 8, 11, 26, 16, 30, 26, 29, 0, 9, 30, 30, 24, 1, 17, 25, 6, 18, 13, 26, 15, 29, 13, 28, 20, 8, 
14, 17, 4, 11, 8, 22, 18, 23, 19, 28, 30, 20, 5, 24, 24, 18, 29, 17, 0, 1, 26, 16, 17, 29, 25, 26, 5, 4, 13, 11, 30, 21, 
28, 18, 21, 3, 27, 22, 18, 17, 11, 30, 10, 13, 9, 5, 5, 31, 15, 28, 14, 19, 12, 24, 24, 14, 30, 20, 2, 9, 15, 10, 21, 7, 
21, 2, 6, 27, 3, 28, 26, 20, 27, 26, 23, 13, 24, 0, 15, 1, 18, 22, 25, 30, 7, 26, 17, 11, 1, 31, 6, 16, 27, 14, 13, 5, 
9, 27, 25, 19, 12, 21, 30, 5, 16, 31, 5, 4, 1, 19, 9, 12, 19, 16, 19, 22, 2, 5, 0, 13, 8, 6, 15, 17, 4, 0, 9, 30, 
16, 1, 10, 23, 1, 0, 25, 9, 23, 17, 6, 1, 24, 17, 31, 25, 14, 26, 16, 27, 17, 23, 31, 4, 5, 31, 18, 21, 12, 4, 28, 17, 
20, 23, 13, 24, 2, 5, 13, 14, 12, 18, 6, 5, 3, 28, 16, 0, 16, 19, 28, 28, 30, 26, 21, 9, 7, 20, 26, 20, 5, 2, 3, 2, 
28, 11, 8, 24, 11, 8, 9, 30, 28, 6, 6, 9, 19, 21, 17, 18, 15, 24, 25, 14, 20, 22, 6, 3, 5, 13, 20, 1, 11, 10, 19, 17, 
15, 13, 20, 24, 23, 9, 6, 19, 25, 0, 19, 28, 7, 13, 4, 4, 29, 16, 16, 19, 27, 28, 27, 13, 29, 28, 23, 8, 15, 6, 10, 24, 
5, 6, 9, 21, 25, 7, 9, 8, 10, 25, 5, 14, 9, 10, 0, 8, 4, 26, 8, 1, 0, 24, 24, 28, 28, 19, 17, 6, 17, 10, 17, 15, 
30, 9, 5, 10, 2, 12, 28, 3, 17, 21, 27, 19, 0, 9, 14, 7, 7, 12, 26, 9, 28, 3, 23, 3, 16, 21, 24, 20, 13, 1, 10, 31, 
17, 2, 10, 31, 27, 19, 0, 6, 9, 17, 13, 2, 30, 1, 0, 4, 17, 13, 10, 15, 8, 13, 6, 12, 24, 9, 21, 15, 5, 10, 0, 20, 
14, 6, 1, 12, 31, 2, 12, 9, 22, 7, 27, 6, 11, 2, 24, 28, 11, 10, 9, 15, 25, 10, 4, 17, 22, 4, 2, 21, 8, 26, 29, 4, 
3, 24, 31, 6, 19, 9, 28, 23, 0, 13, 31, 15, 18, 25, 5, 13, 4, 9, 3, 22, 24, 19, 24, 15, 2, 7, 27, 25, 17, 19, 26, 13, 
17, 19, 26, 27, 30, 14, 18, 15, 1, 10, 28, 3, 26, 12, 6, 30, 9, 17, 18, 28, 24, 27, 5, 27, 7, 5, 9, 24, 4, 6, 23, 10, 
19, 10, 4, 3, 6, 2, 14, 19, 10, 28, 5, 30, 7, 24, 11, 5, 5, 18, 10, 25, 16, 21, 27, 13, 15, 14, 20, 6, 28, 1, 1, 12, 
19, 15, 18, 24, 18, 9, 2, 18, 29, 18, 8, 21, 14, 10, 1, 15, 22, 11, 12, 6, 13, 7, 2, 4, 31, 28, 10, 0, 20, 15, 11, 17, 
6, 22, 16, 14, 7, 5, 22, 5, 26, 20, 1, 14, 23, 4, 22, 6, 19, 24, 28, 10, 9, 7, 11, 31, 31, 9, 27, 13, 8, 15, 31, 6, 
1, 20, 18, 20, 17, 8, 14, 23, 24, 23, 6, 15, 4, 31, 17, 0, 21, 14, 16, 2, 31, 1, 3, 14, 27, 27, 9, 11, 2, 8, 24, 22, 
15, 10, 10, 1, 22, 20, 19, 2, 2, 10, 3, 12, 14, 8, 19, 1, 28, 17, 8, 14, 30, 19, 19, 0, 11, 31, 23, 8, 6, 13, 4, 29, 
15, 31, 21, 2, 4, 11, 30, 11, 25, 24, 28, 9, 15, 3, 21, 21, 19, 4, 2, 5, 30, 6, 9, 24, 5, 2, 7, 28, 10, 19, 20, 13, 
10, 5, 17, 20, 23, 20, 31, 13, 16, 18, 28, 16, 30, 6, 8, 5, 17, 31, 30, 4, 3, 27, 29, 2, 25, 8, 6, 9, 10, 8, 26, 8, 
28, 4, 21, 4, 25, 30, 9, 28, 24, 8, 6, 30, 30, 3, 3, 7, 28, 5, 26, 20, 11, 27, 7, 5, 31, 1, 7, 5, 21, 9, 8, 16, 
8, 7, 2, 21, 19, 31, 23, 28, 26, 17, 7, 2, 19, 9, 13, 7, 14, 7, 29, 30, 31, 25, 17, 14, 9, 4, 21, 5, 2, 14, 2, 27, 
28, 8, 0, 20, 5, 31, 15, 0, 3, 13, 17, 1, 1, 4, 5, 19, 31, 10, 28, 10, 22, 31, 7, 30, 12, 1, 3, 26, 5, 21, 18, 11, 
17, 27, 27, 17, 31, 22, 13, 1, 11, 12, 31, 18, 17, 21, 6, 11, 13, 22, 5, 1, 6, 9, 6, 3, 10, 2, 27, 12, 3, 4, 1, 28, 
23, 25, 20, 15, 21, 25, 26, 17, 2, 21, 12, 5, 19, 14, 29, 20, 16, 5, 19, 1, 6, 4, 3, 25, 20, 3, 4, 29, 11, 18, 21, 12, 
9, 14, 14, 0, 13, 30, 13, 10, 11, 23, 18, 3, 3, 12, 8, 31, 24, 12, 12, 22, 5, 8, 21, 18, 14, 0, 6, 22, 2, 25, 30, 7, 
24, 10, 9, 11, 13, 15, 5, 26, 8, 0, 1, 30, 12, 17, 22, 15, 22, 12, 14, 19, 0, 28, 27, 2, 22, 24, 31, 6, 16, 9, 14, 23, 
0, 29, 13, 27, 4, 17, 16, 29, 12, 8, 16, 19, 11, 9, 2, 30, 20, 19, 7, 9, 23, 19, 29, 10, 12, 6, 27, 16, 22, 1, 1, 25, 
31, 23, 10, 13, 18, 2, 6, 22, 3, 17, 19, 6, 22, 26, 30, 22, 5, 29, 25, 29, 28, 27, 3, 12, 0, 25, 28, 0, 29, 12, 5, 13, 
17, 3, 24, 5, 0, 22, 6, 25, 13, 28, 0, 23, 0, 8, 15, 20, 19, 28, 8, 26, 11, 0, 24, 29, 11, 7, 5, 1, 21, 0, 22, 7, 
6, 11, 4, 10, 9, 1, 10, 27, 17, 5, 22, 12, 30, 0, 9, 1, 9, 14, 20, 9, 10, 3, 31, 0, 17, 12, 11, 1, 23, 9, 7, 20, 
24, 0, 0, 28, 23, 29, 30, 31, 9, 20, 17, 18, 1, 18, 27, 13, 8, 27, 19, 24, 0, 25, 30, 9, 21, 29, 4, 9, 29, 7, 24, 26, 
22, 17, 8, 15, 20, 26, 3, 4, 7, 4, 3, 0, 13, 28, 8, 0, 4, 10, 23, 3, 15, 10, 0, 5, 2, 16, 23, 14, 21, 10, 25, 19, 
3, 15, 6, 12, 4, 20, 27, 27, 14, 0, 4, 13, 9, 10, 31, 14, 12, 19, 5, 25, 19, 22, 15, 8, 24, 5, 1, 20, 0, 14, 24, 24, 
30, 11, 10, 7, 23, 15, 8, 10, 29, 8, 13, 1, 11, 3, 12, 16, 9, 2, 24, 24, 29, 7, 4, 29, 23, 11, 0, 25, 11, 22, 17, 8, 
25, 9, 3, 1, 1, 2, 27, 0, 21, 18, 26, 9, 17, 1, 31, 10, 3, 11, 26, 29, 5, 29, 10, 1, 26, 0, 11, 17, 24, 3, 2, 17, 
16, 13, 13, 0, 7, 24, 13, 7, 9, 23, 19, 5, 18, 6, 22, 30, 18, 14, 27, 9, 6, 5, 0, 15, 0, 22, 16, 4, 2, 11, 9, 21, 
16, 30, 3, 2, 0, 25, 27, 5, 0, 12, 11, 14, 17, 0, 21, 15, 22, 23, 2, 9, 14, 2, 7, 25, 30, 22, 29, 13, 15, 4, 31, 30, 
25, 20, 28, 11, 10, 2, 12, 8, 13, 16, 11, 27, 7, 5, 9, 22, 19, 11, 14, 11, 1, 29, 8, 27, 7, 6, 17, 31, 26, 16, 23, 14, 
10, 30, 6, 21, 12, 20, 9, 8, 14, 23, 6, 4, 29, 24, 24, 26, 1, 31, 25, 2, 2, 23, 0, 12, 13, 8, 12, 16, 28, 3, 6, 25, 
18, 11, 21, 30, 10, 17, 30, 6, 31, 3, 8, 11, 7, 15, 8, 17, 28, 23, 11, 13, 8, 6, 15, 28, 3, 17, 6, 24, 14, 23, 16, 9, 
6, 5, 17, 6, 18, 1, 5, 15, 7, 14, 12, 9, 5, 13, 11, 26, 9, 11, 9, 10, 2, 9, 13, 23, 12, 3, 9, 19, 10, 28, 27, 2, 
16, 12, 1, 14, 5, 8, 3, 31, 2, 24, 4, 27, 0, 20, 19, 10, 2, 0, 10, 22, 3, 25, 30, 7, 10, 29, 26, 3, 21, 12, 11, 18, 
1, 5, 3, 23, 23, 7, 18, 3, 17, 29, 11, 5, 6, 31, 2, 30, 26, 12, 19, 20, 25, 6, 31, 5, 8, 21, 25, 12, 8, 14, 3, 11, 
1, 13, 29, 0, 26, 16, 7, 14, 17, 22, 20, 8, 13, 0, 15, 4, 16, 21, 5, 28, 30, 24, 28, 20, 0, 8, 19, 13, 12, 2, 10, 28, 
7, 1, 16, 11, 4, 17, 16, 10, 3, 27, 13, 14, 24, 1, 31, 5, 21, 28, 17, 12, 9, 4, 17, 0, 6, 12, 12, 10, 18, 29, 6, 23, 
4, 20, 24, 1, 5, 5, 2, 6, 16, 22, 17, 11, 9, 13, 15, 31, 3, 10, 10, 3, 21, 12, 13, 18, 20, 5, 28, 22, 3, 25, 30, 7, 
12, 24, 20, 10, 3, 12, 7, 11, 3, 0, 18, 4, 17, 16, 7, 8, 8, 17, 31, 8, 0, 27, 28, 4, 6, 5, 18, 9, 27, 15, 10, 16, 
19, 0, 3, 1, 19, 13, 28, 12, 28, 26, 2, 12, 7, 6, 16, 24, 5, 13, 1, 14, 22, 11, 21, 21, 8, 15, 5, 17, 9, 30, 25, 0, 
13, 8, 14, 5, 11, 4, 2, 6, 21, 20, 15, 2, 8, 0, 10, 19, 29, 4, 1, 15, 6, 11, 25, 30, 14, 1, 3, 26, 25, 21, 18, 11, 
11, 22, 27, 23, 2, 1, 10, 22, 14, 7, 11, 18, 4, 29, 26, 3, 11, 8, 8, 31, 1, 16, 23, 14, 13, 20, 19, 10, 28, 5, 2, 27, 
14, 30, 2, 27, 14, 11, 30, 15, 8, 10, 3, 7, 9, 21, 26, 14, 25, 6, 29, 14, 28, 23, 8, 2, 11, 13, 27, 3, 11, 5, 7, 22, 
16, 23, 11, 28, 11, 6, 0, 7, 17, 8, 5, 15, 4, 10, 13, 30, 30, 6, 1, 2, 2, 10, 1, 19, 23, 9, 14, 23, 7, 24, 31, 6, 
1, 7, 21, 23, 10, 4, 3, 8, 15, 10, 10, 4, 3, 3, 0, 21, 28, 15, 1, 13, 28, 14, 15, 24, 13, 15, 14, 28, 2, 19, 20, 13, 
22, 18, 22, 8, 1, 15, 0, 16, 14, 4, 9, 20, 6, 27, 28, 5, 24, 0, 9, 25, 3, 22, 17, 8, 7, 18, 21, 12, 26, 3, 4, 29, 
15, 16, 5, 22, 30, 11, 2, 7, 22, 8, 27, 3, 0, 12, 15, 18, 26, 6, 14, 14, 1, 15, 6, 31, 7, 5, 2, 27, 7, 20, 19, 10, 
4, 2, 27, 12, 12, 9, 21, 23, 13, 21, 20, 19, 5, 28, 27, 2, 23, 7, 28, 30, 8, 17, 22, 15, 12, 21, 18, 11, 29, 4, 3, 26, 
3, 17, 2, 8, 5, 2, 1, 28, 11, 6, 1, 24, 7, 23, 16, 9, 11, 25, 9, 21, 15, 26, 29, 4, 5, 30, 25, 0, 22, 15, 8, 17, 
13, 3, 1, 29, 11, 18, 21, 12, 15, 22, 17, 8, 30, 7, 0, 25, 14, 27, 28, 5, 19, 10, 13, 20, 23, 14, 9, 16, 6, 31, 24, 1, 
26, 9, 25, 14, 8, 8, 8, 10, 7, 27, 2, 14, 16, 10, 28, 17, 24, 15, 30, 3, 2, 29, 27, 12, 15, 24, 27, 12, 27, 13, 18, 23, 
28, 30, 26, 30, 21, 6, 16, 15, 5, 9, 15, 29, 0, 16, 27, 9, 2, 17, 26, 31, 7, 6, 22, 24, 16, 19, 17, 23, 14, 11, 13, 9, 
5, 15, 31, 11, 30, 9, 19, 7, 31, 11, 26, 21, 22, 6, 10, 7, 7, 19, 9, 1, 4, 5, 12, 13, 25, 25, 16, 23, 31, 14, 17, 20, 
26, 29, 27, 24, 19, 10, 25, 12, 0, 9, 13, 4, 1, 22, 31, 11, 23, 30, 12, 6, 30, 19, 24, 25, 9, 1, 28, 12, 24, 7, 4, 2, 
8, 17, 4, 13, 10, 8, 28, 16, 7, 15, 29, 0, 12, 22, 10, 17, 16, 28, 5, 7, 19, 10, 23, 24, 17, 16, 24, 5, 23, 4, 19, 12, 
24, 20, 20, 8, 15, 14, 10, 9, 11, 31, 11, 3, 26, 4, 30, 31, 0, 21, 10, 7, 27, 20, 18, 17, 17, 7, 1, 14, 28, 30, 20, 26, 
29, 13, 0, 18, 25, 15, 12, 30, 26, 19, 7, 28, 18, 22, 24, 29, 11, 28, 15, 22, 29, 13, 20, 19, 8, 18, 3, 2, 6, 9, 4, 17, 
3, 19, 18, 6, 5, 7, 20, 0, 15, 25, 8, 0, 8, 2, 9, 23, 27, 0, 19, 2, 9, 6, 2, 4, 31, 7, 10, 8, 28, 5, 1, 24, 
4, 12, 25, 9, 12, 30, 27, 10, 17, 14, 14, 29, 9, 11, 26, 2, 22, 25, 10, 25, 31, 19, 2, 2, 25, 27, 20, 15, 22, 2, 29, 25, 
21, 18, 11, 31, 0, 7, 15, 11, 9, 28, 22, 5, 22, 29, 18, 8, 2, 3, 2, 31, 11, 26, 10, 5, 21, 15, 24, 31, 10, 15, 18, 4, 
27, 8, 1, 31, 14, 29, 5, 8, 29, 17, 5, 21, 2, 24, 24, 22, 10, 12, 10, 18, 23, 5, 18, 26, 13, 30, 19, 9, 23, 19, 1, 28, 
0, 24, 24, 7, 27, 22, 17, 30, 4, 3, 22, 15, 23, 4, 18, 8, 19, 11, 9, 3, 3, 4, 30, 0, 31, 14, 19, 7, 0, 12, 31, 30, 
31, 30, 25, 10, 17, 12, 18, 30, 18, 16, 6, 12, 11, 13, 30, 26, 23, 19, 27, 13, 29, 9, 27, 21, 6, 23, 11, 24, 20, 27, 17, 4, 
11, 30, 3, 5, 23, 26, 29, 3, 26, 10, 16, 1, 10, 4, 19, 0, 25, 8, 4, 10, 19, 15, 9, 7, 15, 24, 11, 8, 3, 26, 0, 25, 
28, 25, 0, 11, 28, 20, 5, 31, 31, 9, 19, 18, 0, 3, 10, 24, 2, 9, 21, 10, 0, 29, 14, 14, 21, 28, 29, 0, 9, 3, 7, 18, 
7, 7, 9, 1, 23, 30, 15, 10, 4, 28, 21, 11, 5, 0, 24, 26, 12, 7, 19, 24, 26, 12, 14, 23, 11, 22, 10, 19, 5, 28, 27, 2, 
23, 2, 25, 15, 17, 16, 22, 3, 6, 25, 25, 19, 27, 22, 10, 4, 3, 27, 3, 19, 6, 10, 14, 0, 29, 24, 12, 26, 13, 29, 30, 2, 
24, 30, 29, 7, 17, 12, 22, 1, 4, 14, 24, 5, 31, 17, 6, 13, 18, 8, 24, 27, 16, 19, 10, 29, 31, 3, 4, 7, 11, 2, 13, 9, 
26, 24, 19, 17, 27, 19, 27, 6, 31, 7, 2, 21, 26, 22, 28, 0, 17, 28, 16, 14, 18, 23, 29, 4, 10, 4, 3, 15, 7, 10, 2, 8, 
9, 26, 27, 31, 21, 7, 3, 0, 13, 5, 7, 2, 2, 27, 5, 15, 23, 22, 14, 8, 24, 21, 18, 20, 25, 6, 19, 11, 15, 14, 0, 23, 
3, 19, 5, 13, 1, 7, 13, 10, 7, 17, 9, 0, 16, 31, 30, 19, 27, 3, 19, 4, 12, 25, 21, 27, 0, 15, 29, 24, 28, 8, 4, 7, 
26, 18, 28, 1, 10, 18, 21, 12, 27, 17, 21, 8, 15, 8, 1, 24, 2, 10, 3, 31, 19, 1, 0, 13, 6, 6, 8, 5, 11, 21, 10, 16, 
26, 20, 7, 23, 14, 28, 22, 9, 4, 31, 25, 16, 12, 8, 6, 14, 23, 1, 11, 7, 9, 10, 26, 3, 17, 2, 20, 10, 11, 5, 15, 27, 
8, 8, 14, 6, 3, 20, 21, 24, 20, 11, 14, 12, 20, 10, 0, 19, 6, 8, 24, 13, 13, 14, 8, 30, 19, 7, 21, 26, 12, 21, 18, 11, 
2, 4, 10, 11, 24, 2, 13, 22, 13, 13, 14, 27, 23, 8, 15, 7, 28, 14, 30, 25, 12, 24, 24, 10, 19, 30, 1, 15, 2, 17, 20, 21, 
14, 0, 12, 22, 25, 31, 22, 22, 28, 21, 20, 29, 9, 6, 23, 8, 13, 15, 4, 4, 19, 10, 13, 7, 8, 27, 25, 7, 22, 12, 14, 22, 
30, 11, 13, 26, 3, 24, 30, 5, 25, 16, 11, 9, 10, 27, 14, 10, 17, 23, 31, 14, 12, 29, 23, 11, 24, 13, 17, 5, 9, 13, 7, 29, 
31, 20, 19, 19, 25, 31, 13, 8, 22, 14, 8, 4, 9, 3, 20, 21, 4, 24, 6, 3, 10, 0, 9, 24, 1, 14, 5, 28, 10, 19, 20, 13, 
9, 30, 25, 6, 19, 9, 8, 3, 7, 8, 30, 11, 5, 30, 3, 2, 7, 31, 27, 14, 2, 19, 8, 10, 3, 23, 27, 1, 5, 12, 6, 26, 
28, 19, 20, 4, 17, 12, 8, 15, 29, 2, 26, 3, 12, 11, 9, 18, 13, 0, 20, 6, 27, 0, 14, 31, 28, 3, 2, 27, 13, 20, 19, 10, 
10, 20, 10, 29, 15, 25, 28, 12, 7, 1, 13, 0, 17, 4, 12, 25, 24, 19, 2, 10, 10, 6, 13, 20, 13, 4, 1, 16, 6, 31, 24, 1, 
30, 7, 5, 13, 7, 1, 6, 28, 10, 15, 7, 24, 16, 23, 16, 9, 22, 11, 6, 21, 15, 26, 29, 4, 0, 30, 25, 0, 22, 15, 8, 17, 
10, 7, 0, 23, 30, 29, 3, 4, 3, 27, 23, 16, 21, 9, 23, 13, 6, 2, 11, 3, 27, 27, 0, 19, 29, 16, 26, 27, 11, 24, 2, 17, 
30, 25, 5, 31, 4, 3, 29, 23, 18, 20, 12, 25, 13, 15, 18, 8, 21, 17, 0, 2, 23, 18, 29, 17, 30, 27, 29, 0, 20, 24, 2, 9, 
9, 20, 23, 11, 14, 13, 9, 9, 17, 31, 28, 25, 10, 15, 1, 9, 5, 8, 25, 24, 8, 0, 22, 28, 14, 1, 10, 16, 28, 28, 0, 8, 
22, 11, 2, 21, 16, 16, 25, 3, 9, 11, 11, 8, 29, 6, 21, 10, 30, 17, 17, 15, 19, 19, 11, 7, 20, 28, 0, 0, 29, 30, 11, 18, 
30, 1, 26, 16, 9, 6, 31, 9, 24, 28, 8, 30, 2, 26, 6, 5, 15, 6, 9, 22, 15, 25, 26, 26, 5, 11, 26, 15, 18, 5, 5, 0, 
14, 5, 22, 21, 21, 8, 10, 12, 20, 12, 7, 27, 7, 9, 11, 10, 31, 9, 12, 11, 19, 8, 15, 14, 29, 6, 5, 12, 31, 10, 4, 21, 
13, 8, 27, 25, 16, 15, 7, 3, 23, 1, 26, 22, 30, 26, 4, 12, 16, 21, 27, 22, 22, 13, 5, 30, 9, 18, 17, 0, 8, 0, 11, 30, 
28, 27, 0, 6, 31, 11, 14, 31, 21, 10, 12, 13, 4, 14, 15, 22, 30, 11, 27, 15, 7, 15, 20, 27, 29, 15, 22, 31, 13, 16, 23, 14, 
3, 15, 28, 25, 6, 1, 25, 8, 2, 29, 19, 10, 30, 22, 3, 17, 12, 24, 20, 1, 15, 27, 2, 14, 15, 5, 12, 23, 26, 0, 30, 4, 
9, 6, 3, 30, 3, 3, 12, 29, 0, 24, 14, 11, 13, 1, 7, 6, 0, 26, 24, 28, 10, 22, 15, 10, 15, 2, 12, 1, 14, 3, 14, 19, 
26, 6, 23, 3, 11, 17, 6, 1, 11, 4, 3, 20, 16, 16, 25, 14, 3, 7, 19, 7, 21, 29, 19, 1, 0, 21, 0, 15, 5, 15, 14, 24, 
27, 6, 9, 2, 23, 17, 11, 8, 14, 14, 1, 15, 5, 30, 18, 16, 9, 6, 15, 11, 6, 30, 29, 29, 21, 28, 6, 25, 27, 22, 17, 8, 
6, 8, 28, 15, 0, 28, 11, 5, 20, 24, 15, 21, 1, 3, 26, 7, 10, 24, 5, 1, 16, 1, 10, 9, 14, 13, 20, 7, 22, 22, 10, 31, 
14, 2, 16, 11, 18, 16, 31, 2, 17, 7, 30, 3, 25, 9, 0, 23, 26, 23, 4, 31, 3, 4, 3, 26, 17, 13, 7, 30, 8, 17, 22, 15, 
21, 8, 13, 22, 31, 25, 12, 14, 25, 0, 0, 2, 1, 8, 5, 28, 2, 21, 1, 7, 17, 12, 27, 17, 3, 20, 12, 21, 14, 26, 29, 4, 
19, 28, 4, 8, 6, 9, 13, 25, 21, 0, 4, 29, 11, 18, 21, 12, 4, 14, 5, 16, 20, 31, 24, 1, 15, 27, 28, 5, 19, 10, 13, 20, 
27, 16, 7, 20, 18, 21, 16, 24, 7, 30, 20, 25, 7, 19, 21, 25, 27, 19, 29, 6, 10, 16, 19, 11, 13, 11, 13, 17, 8, 8, 8, 10, 
12, 4, 21, 29, 20, 9, 27, 9, 19, 13, 10, 0, 18, 9, 21, 2, 18, 0, 24, 12, 4, 22, 0, 25, 12, 4, 15, 6, 1, 15, 7, 26, 
8, 13, 20, 3, 19, 13, 10, 17, 20, 15, 29, 10, 23, 15, 16, 3, 13, 8, 17, 9, 10, 3, 17, 3, 10, 12, 19, 1, 9, 0, 9, 17, 
14, 16, 16, 8, 8, 5, 0, 15, 27, 7, 11, 8, 11, 12, 11, 25, 4, 10, 6, 11, 11, 15, 29, 20, 18, 14, 11, 16, 4, 31, 24, 1, 
21, 2, 17, 27, 3, 15, 12, 5, 24, 14, 5, 1, 9, 17, 7, 13, 30, 22, 25, 0, 28, 19, 25, 11, 7, 4, 8, 9, 10, 15, 15, 22, 
20, 11, 8, 22, 25, 18, 11, 5, 19, 21, 4, 7, 11, 0, 23, 30, 5, 4, 17, 3, 3, 4, 13, 19, 23, 27, 0, 23, 27, 24, 31, 6, 
18, 5, 26, 10, 30, 21, 3, 11, 6, 28, 16, 4, 6, 21, 0, 21, 1, 28, 7, 15, 7, 9, 11, 24, 8, 7, 0, 28, 1, 19, 20, 13, 
16, 12, 25, 10, 17, 10, 9, 16, 28, 12, 15, 20, 2, 27, 28, 5, 20, 2, 9, 25, 10, 22, 17, 8, 9, 18, 21, 12, 26, 3, 4, 29, 
14, 23, 21, 18, 5, 1, 1, 19, 17, 7, 24, 14, 6, 0, 27, 4, 17, 23, 2, 3, 21, 18, 8, 18, 15, 3, 30, 4, 17, 21, 18, 16, 
4, 23, 4, 25, 5, 3, 31, 13, 25, 5, 15, 9, 27, 1, 1, 24, 8, 5, 28, 12, 5, 29, 22, 21, 11, 27, 10, 17, 3, 30, 25, 0, 
18, 5, 0, 2, 5, 9, 4, 14, 11, 8, 0, 7, 14, 27, 6, 19, 0, 3, 12, 2, 30, 15, 18, 30, 28, 22, 6, 26, 24, 21, 18, 11, 
0, 6, 20, 4, 2, 23, 4, 22, 18, 12, 13, 18, 5, 29, 26, 3, 26, 4, 20, 31, 13, 16, 23, 14, 15, 20, 19, 10, 28, 5, 2, 27, 
13, 12, 29, 28, 10, 4, 12, 7, 25, 28, 14, 31, 8, 6, 4, 20, 7, 0, 13, 8, 14, 17, 8, 25, 22, 10, 0, 29, 29, 18, 21, 12, 
18, 15, 14, 10, 8, 15, 18, 17, 1, 29, 6, 21, 3, 26, 29, 4, 3, 6, 1, 24, 12, 23, 16, 9, 4, 19, 20, 13, 27, 2, 5, 28, 
9, 25, 9, 1, 0, 3, 13, 26, 14, 11, 8, 30, 15, 17, 22, 15, 25, 13, 5, 19, 30, 28, 27, 2, 6, 24, 31, 6, 16, 9, 14, 23, 
6, 4, 2, 27, 14, 20, 19, 10, 3, 16, 23, 14, 24, 1, 6, 31, 12, 29, 26, 3, 21, 12, 11, 18, 17, 8, 15, 22, 0, 25, 30, 7, 
6, 31, 0, 30, 23, 14, 7, 24, 19, 3, 16, 30, 10, 28, 11, 19, 27, 7, 11, 25, 14, 23, 31, 22, 20, 28, 19, 13, 16, 27, 10, 0, 
3, 22, 24, 4, 21, 26, 7, 0, 13, 24, 3, 14, 3, 30, 2, 9, 22, 31, 1, 9, 5, 23, 30, 8, 10, 30, 6, 31, 18, 5, 0, 6, 
10, 17, 22, 5, 12, 13, 8, 21, 31, 6, 19, 19, 20, 17, 25, 14, 21, 13, 20, 31, 14, 26, 6, 0, 27, 4, 2, 29, 7, 3, 1, 5, 
18, 20, 30, 2, 15, 20, 6, 4, 20, 0, 26, 18, 19, 8, 8, 14, 8, 29, 10, 31, 4, 21, 19, 8, 12, 23, 9, 5, 4, 10, 15, 22, 
2, 20, 23, 2, 4, 26, 11, 4, 15, 1, 16, 24, 21, 7, 6, 21, 9, 3, 21, 3, 25, 12, 30, 3, 17, 2, 3, 23, 4, 1, 9, 13, 
8, 16, 25, 19, 16, 2, 30, 1, 27, 11, 31, 9, 14, 19, 1, 13, 28, 29, 16, 29, 22, 22, 23, 25, 22, 24, 12, 0, 17, 13, 8, 17, 
1, 13, 30, 6, 16, 9, 10, 13, 12, 28, 20, 12, 18, 25, 26, 2, 5, 10, 7, 29, 23, 30, 6, 6, 21, 4, 31, 11, 10, 13, 3, 26, 
0, 19, 29, 29, 27, 27, 7, 17, 31, 13, 11, 10, 5, 23, 3, 18, 24, 3, 3, 14, 0, 1, 12, 31, 26, 5, 2, 27, 2, 20, 19, 10, 
29, 18, 8, 19, 30, 15, 17, 16, 21, 0, 3, 22, 6, 20, 25, 5, 15, 20, 8, 24, 0, 18, 26, 26, 20, 24, 2, 25, 31, 20, 12, 9, 
24, 12, 21, 17, 5, 3, 10, 8, 29, 15, 6, 6, 27, 13, 12, 1, 10, 18, 15, 31, 12, 12, 6, 12, 8, 15, 14, 3, 0, 1, 6, 23, 
23, 14, 30, 13, 1, 29, 0, 1, 2, 0, 28, 4, 24, 15, 30, 4, 3, 18, 30, 21, 30, 0, 5, 5, 4, 2, 0, 25, 5, 15, 10, 28, 
1, 10, 22, 21, 11, 18, 4, 15, 15, 20, 21, 14, 16, 3, 28, 20, 14, 27, 13, 2, 22, 7, 1, 25, 28, 30, 8, 29, 9, 18, 21, 12, 
9, 12, 3, 30, 0, 22, 30, 13, 23, 18, 17, 3, 25, 26, 29, 1, 22, 0, 9, 4, 1, 7, 5, 14, 26, 26, 26, 4, 9, 0, 2, 27, 
25, 13, 27, 4, 20, 24, 4, 6, 19, 26, 2, 15, 30, 11, 5, 19, 15, 3, 5, 13, 11, 8, 12, 30, 6, 12, 15, 26, 1, 21, 18, 11, 
7, 5, 24, 30, 14, 7, 7, 1, 4, 14, 13, 1, 13, 8, 4, 24, 19, 27, 23, 22, 14, 11, 3, 21, 11, 14, 8, 17, 12, 30, 25, 0, 
2, 13, 5, 11, 8, 4, 14, 29, 5, 7, 8, 25, 6, 22, 17, 8, 15, 9, 13, 20, 2, 27, 28, 5, 3, 31, 24, 1, 23, 14, 9, 16, 
30, 25, 20, 18, 12, 1, 27, 6, 12, 4, 6, 31, 14, 8, 13, 19, 21, 2, 0, 20, 22, 19, 1, 4, 9, 10, 2, 17, 3, 8, 29, 7, 
5, 27, 12, 2, 18, 28, 29, 19, 11, 16, 19, 23, 20, 11, 7, 6, 15, 6, 5, 21, 1, 8, 14, 11, 26, 2, 28, 12, 12, 0, 1, 30, 
12, 13, 23, 9, 6, 28, 20, 11, 4, 17, 14, 12, 0, 23, 11, 13, 13, 15, 28, 11, 8, 5, 29, 9, 4, 2, 17, 19, 12, 10, 28, 21, 
3, 16, 11, 30, 22, 4, 9, 7, 6, 31, 21, 12, 0, 7, 4, 29, 5, 13, 13, 1, 16, 14, 10, 16, 4, 8, 13, 20, 3, 27, 28, 5, 
26, 20, 15, 12, 28, 29, 13, 11, 1, 5, 4, 7, 13, 3, 28, 10, 18, 8, 24, 14, 17, 3, 9, 1, 29, 28, 28, 17, 0, 9, 11, 18, 
14, 25, 9, 12, 24, 5, 27, 0, 31, 1, 2, 15, 10, 4, 30, 26, 20, 10, 27, 4, 20, 9, 30, 23, 3, 13, 10, 19, 5, 28, 27, 2, 
17, 11, 22, 1, 3, 12, 10, 4, 30, 24, 0, 0, 21, 9, 8, 17, 26, 11, 14, 12, 7, 2, 5, 28, 21, 6, 1, 24, 14, 23, 16, 9, 
0, 11, 14, 3, 30, 21, 25, 20, 3, 14, 6, 16, 6, 31, 24, 1, 11, 9, 0, 29, 4, 18, 21, 12, 0, 22, 17, 8, 30, 7, 0, 25, 
28, 10, 15, 8, 29, 25, 17, 2, 30, 1, 28, 20, 29, 10, 17, 12, 16, 14, 30, 6, 16, 15, 19, 14, 26, 6, 27, 24, 11, 13, 13, 20, 
4, 28, 13, 20, 24, 6, 30, 9, 19, 4, 20, 10, 10, 2, 0, 28, 23, 11, 17, 24, 8, 12, 3, 17, 9, 13, 12, 21, 15, 26, 29, 4, 
12, 30, 0, 12, 17, 28, 1, 3, 6, 8, 9, 6, 8, 12, 15, 23, 8, 0, 24, 12, 4, 3, 8, 26, 17, 3, 7, 30, 10, 17, 22, 15, 
31, 3, 5, 15, 12, 5, 10, 18, 17, 9, 11, 22, 6, 25, 30, 7, 4, 5, 1, 27, 18, 20, 19, 10, 8, 16, 23, 14, 24, 1, 6, 31, 
20, 21, 14, 31, 4, 2, 21, 5, 12, 12, 21, 13, 9, 14, 21, 16, 11, 20, 12, 0, 13, 16, 6, 29, 16, 7, 11, 25, 15, 22, 17, 8, 
9, 5, 11, 14, 7, 28, 13, 21, 3, 8, 0, 17, 7, 30, 25, 0, 0, 2, 7, 28, 10, 19, 20, 13, 14, 23, 16, 9, 31, 6, 1, 24, 
14, 6, 15, 21, 25, 0, 15, 30, 27, 12, 1, 26, 8, 21, 18, 11, 17, 15, 7, 23, 1, 24, 31, 6, 15, 28, 27, 2, 20, 13, 10, 19, 
6, 1, 0, 31, 9, 16, 23, 14, 29, 20, 19, 10, 28, 5, 2, 27, 2, 25, 30, 7, 17, 8, 15, 22, 21, 12, 11, 18, 4, 29, 26, 3, 
16, 9, 17, 14, 29, 28, 19, 20, 3, 15, 29, 12, 1, 13, 23, 0, 8, 12, 30, 4, 23, 1, 20, 19, 28, 11, 24, 12, 0, 13, 9, 11, 
13, 1, 22, 19, 14, 13, 23, 22, 13, 21, 9, 7, 5, 6, 19, 3, 9, 13, 18, 6, 1, 30, 3, 26, 16, 0, 2, 15, 29, 1, 12, 27, 
31, 3, 1, 11, 5, 1, 5, 30, 21, 0, 21, 17, 18, 26, 25, 6, 15, 5, 23, 0, 2, 27, 16, 12, 6, 5, 16, 9, 23, 24, 12, 16, 
2, 20, 25, 0, 9, 30, 11, 20, 5, 19, 17, 15, 22, 1, 2, 24, 15, 28, 18, 21, 10, 19, 30, 21, 3, 1, 12, 17, 6, 30, 25, 0, 
18, 15, 11, 11, 25, 31, 2, 8, 26, 30, 22, 8, 8, 11, 23, 15, 22, 17, 13, 22, 5, 20, 24, 4, 29, 14, 5, 6, 10, 14, 14, 23, 
9, 27, 25, 9, 24, 26, 0, 15, 12, 24, 26, 14, 6, 12, 8, 31, 3, 26, 21, 7, 2, 5, 11, 18, 4, 9, 13, 22, 0, 25, 30, 7, 
29, 22, 29, 2, 19, 18, 7, 6, 1, 10, 13, 5, 14, 15, 7, 20, 14, 14, 4, 8, 7, 21, 3, 25, 13, 8, 10, 29, 18, 18, 21, 12, 
18, 27, 13, 0, 6, 20, 10, 17, 13, 9, 9, 21, 28, 26, 29, 4, 8, 22, 0, 24, 1, 23, 16, 9, 7, 19, 20, 13, 27, 2, 5, 28, 
0, 6, 6, 28, 28, 27, 13, 14, 12, 25, 22, 1, 3, 29, 2, 9, 24, 0, 26, 20, 0, 0, 30, 2, 18, 8, 8, 10, 9, 7, 13, 17, 
18, 7, 24, 7, 7, 30, 22, 9, 3, 0, 16, 5, 12, 0, 6, 25, 4, 31, 3, 12, 3, 22, 11, 20, 29, 30, 1, 16, 4, 31, 24, 1, 
27, 16, 28, 31, 7, 14, 9, 11, 31, 22, 27, 9, 28, 13, 14, 18, 0, 26, 20, 13, 17, 4, 0, 31, 1, 24, 30, 27, 4, 20, 19, 10, 
16, 14, 21, 10, 14, 1, 21, 23, 30, 10, 11, 19, 15, 28, 27, 2, 31, 11, 15, 30, 5, 17, 22, 15, 30, 21, 18, 11, 29, 4, 3, 26, 
8, 19, 7, 27, 7, 11, 26, 0, 3, 28, 26, 10, 3, 6, 12, 21, 16, 8, 11, 12, 12, 10, 1, 24, 9, 2, 14, 28, 4, 19, 20, 13, 
3, 19, 29, 5, 28, 14, 9, 16, 13, 10, 14, 20, 2, 27, 28, 5, 29, 1, 0, 25, 13, 22, 17, 8, 11, 18, 21, 12, 26, 3, 4, 29, 
4, 11, 3, 31, 4, 5, 8, 27, 29, 7, 6, 31, 30, 16, 23, 14, 16, 0, 15, 18, 14, 29, 26, 3, 9, 25, 30, 7, 17, 8, 15, 22, 
9, 20, 13, 26, 15, 21, 18, 11, 25, 17, 22, 15, 25, 0, 7, 30, 5, 28, 27, 2, 20, 13, 10, 19, 16, 9, 14, 23, 1, 24, 31, 6, 
18, 17, 10, 26, 9, 10, 25, 11, 4, 24, 7, 14, 3, 4, 9, 0, 21, 11, 27, 5, 19, 18, 11, 29, 4, 14, 12, 22, 29, 6, 3, 24, 
8, 5, 30, 4, 17, 24, 6, 5, 18, 1, 25, 1, 11, 14, 14, 16, 25, 9, 0, 10, 4, 3, 10, 29, 30, 7, 3, 25, 13, 22, 17, 8, 
26, 24, 30, 27, 12, 6, 13, 10, 7, 15, 10, 8, 12, 9, 9, 27, 19, 2, 16, 7, 9, 8, 11, 22, 6, 14, 8, 18, 2, 29, 26, 3, 
9, 1, 12, 6, 4, 18, 8, 30, 9, 21, 7, 26, 1, 21, 18, 11, 3, 0, 15, 23, 0, 24, 31, 6, 2, 28, 27, 2, 20, 13, 10, 19, 
4, 23, 1, 6, 6, 29, 14, 12, 10, 25, 0, 13, 22, 2, 5, 28, 7, 13, 15, 13, 13, 15, 7, 17, 0, 11, 24, 21, 28, 26, 29, 4, 
0, 12, 12, 8, 24, 7, 8, 25, 5, 3, 11, 29, 1, 18, 21, 12, 14, 1, 9, 16, 6, 31, 24, 1, 4, 27, 28, 5, 19, 10, 13, 20, 
31, 8, 12, 14, 0, 8, 1, 18, 30, 7, 3, 22, 9, 25, 30, 7, 26, 5, 2, 27, 13, 20, 19, 10, 15, 16, 23, 14, 24, 1, 6, 31, 
14, 14, 4, 19, 11, 28, 27, 2, 6, 24, 31, 6, 16, 9, 14, 23, 12, 21, 18, 11, 29, 4, 3, 26, 25, 0, 7, 30, 8, 17, 22, 15, 
5, 3, 7, 30, 4, 30, 9, 1, 23, 2, 4, 11, 5, 0, 25, 26, 9, 29, 8, 6, 31, 4, 31, 23, 6, 5, 22, 19, 4, 28, 27, 2, 
22, 11, 26, 25, 8, 8, 4, 31, 25, 0, 2, 27, 14, 20, 19, 10, 6, 10, 5, 22, 7, 25, 30, 7, 8, 29, 26, 3, 21, 12, 11, 18, 
10, 23, 2, 14, 1, 15, 15, 20, 3, 23, 3, 16, 23, 31, 24, 1, 15, 4, 4, 29, 25, 18, 21, 12, 11, 22, 17, 8, 30, 7, 0, 25, 
4, 26, 3, 21, 14, 26, 29, 4, 10, 30, 25, 0, 22, 15, 8, 17, 17, 19, 20, 13, 27, 2, 5, 28, 31, 6, 1, 24, 14, 23, 16, 9, 
27, 5, 7, 2, 23, 13, 10, 19, 21, 9, 14, 23, 1, 24, 31, 6, 6, 4, 3, 26, 18, 21, 18, 11, 8, 17, 22, 15, 25, 0, 7, 30, 
3, 0, 13, 18, 4, 29, 26, 3, 10, 25, 30, 7, 17, 8, 15, 22, 15, 20, 19, 10, 28, 5, 2, 27, 24, 1, 6, 31, 9, 16, 23, 14, 
15, 10, 0, 25, 12, 22, 17, 8, 21, 18, 21, 12, 26, 3, 4, 29, 28, 31, 24, 1, 23, 14, 9, 16, 19, 10, 13, 20, 2, 27, 28, 5, 
12, 23, 16, 9, 31, 6, 1, 24, 27, 2, 5, 28, 10, 19, 20, 13, 22, 15, 8, 17, 7, 30, 25, 0, 3, 26, 29, 4, 18, 11, 12, 21, 
27, 16, 9, 13, 2, 19, 24, 4, 12, 21, 16, 4, 6, 18, 2, 15, 31, 22, 1, 8, 30, 7, 0, 13, 6, 3, 28, 29, 19, 18, 29, 26, 
7, 26, 6, 15, 30, 22, 25, 5, 12, 13, 18, 12, 22, 7, 26, 3, 4, 26, 17, 27, 17, 23, 30, 19, 17, 0, 14, 17, 8, 0, 7, 5, 
0, 1, 20, 3, 25, 16, 20, 0, 26, 18, 7, 13, 9, 19, 6, 3, 20, 1, 25, 3, 1, 30, 16, 1, 15, 22, 21, 5, 24, 10, 14, 3, 
9, 16, 26, 7, 0, 11, 9, 31, 28, 13, 15, 16, 30, 23, 29, 7, 11, 31, 6, 16, 21, 25, 20, 5, 17, 22, 10, 12, 0, 15, 25, 11, 
1, 23, 21, 22, 2, 31, 2, 8, 6, 1, 2, 7, 17, 9, 23, 22, 26, 10, 21, 4, 18, 8, 12, 25, 7, 8, 2, 1, 12, 15, 19, 13, 
14, 16, 5, 28, 27, 3, 20, 13, 8, 27, 16, 2, 30, 19, 25, 13, 5, 29, 25, 24, 29, 17, 26, 10, 21, 21, 8, 9, 27, 20, 11, 0, 
24, 17, 24, 26, 0, 20, 3, 12, 21, 23, 31, 16, 28, 30, 12, 24, 30, 19, 16, 11, 11, 0, 4, 10, 3, 2, 25, 0, 2, 5, 8, 7, 
5, 7, 17, 9, 22, 7, 6, 14, 31, 22, 28, 13, 4, 2, 20, 15, 19, 18, 27, 9, 28, 19, 12, 2, 24, 29, 15, 14, 2, 0, 2, 27, 
26, 5, 11, 5, 16, 0, 11, 19, 11, 10, 28, 3, 15, 3, 12, 28, 9, 27, 3, 7, 16, 21, 23, 18, 29, 27, 6, 11, 31, 28, 15, 3, 
3, 9, 10, 20, 30, 8, 24, 29, 29, 6, 22, 23, 27, 0, 16, 25, 29, 22, 31, 6, 7, 12, 1, 5, 0, 30, 3, 24, 13, 20, 30, 6, 
26, 21, 28, 7, 7, 28, 24, 8, 16, 30, 18, 15, 10, 30, 12, 30, 8, 7, 26, 21, 2, 16, 17, 31, 1, 17, 19, 24, 30, 4, 8, 6, 
28, 5, 30, 11, 4, 3, 6, 29, 21, 18, 9, 11, 9, 3, 16, 2, 13, 4, 4, 13, 14, 7, 2, 3, 8, 13, 16, 7, 3, 1, 4, 29, 
21, 20, 30, 14, 31, 24, 22, 20, 14, 19, 4, 19, 26, 1, 20, 12, 21, 31, 14, 17, 24, 10, 6, 8, 0, 16, 6, 30, 13, 10, 14, 0, 
1, 6, 11, 21, 16, 17, 13, 0, 10, 30, 14, 17, 5, 29, 6, 9, 13, 15, 7, 24, 9, 20, 16, 15, 25, 28, 29, 15, 0, 4, 1, 26, 
26, 11, 16, 17, 8, 21, 2, 9, 25, 13, 4, 21, 2, 20, 0, 6, 2, 6, 7, 31, 4, 15, 17, 30, 19, 6, 1, 6, 10, 14, 20, 17, 
27, 0, 4, 7, 29, 7, 14, 3, 25, 8, 12, 3, 23, 12, 0, 25, 8, 16, 8, 3, 3, 9, 13, 20, 12, 1, 5, 16, 6, 31, 24, 1, 
13, 29, 12, 26, 7, 16, 11, 18, 29, 11, 28, 15, 10, 10, 3, 23, 28, 12, 2, 23, 20, 16, 21, 27, 8, 16, 6, 13, 29, 7, 21, 14, 
0, 30, 29, 19, 23, 12, 5, 20, 22, 24, 4, 6, 15, 20, 14, 6, 11, 15, 7, 11, 20, 28, 3, 12, 24, 12, 29, 2, 27, 21, 19, 15, 
1, 27, 23, 12, 2, 3, 6, 17, 0, 31, 11, 14, 22, 6, 21, 29, 1, 5, 5, 19, 8, 11, 8, 26, 8, 4, 0, 19, 6, 4, 0, 27, 
2, 2, 28, 16, 14, 20, 13, 11, 28, 11, 1, 5, 21, 13, 10, 0, 2, 29, 9, 21, 8, 3, 24, 1, 0, 11, 21, 8, 1, 18, 13, 20, 
23, 20, 2, 3, 15, 14, 17, 29, 3, 31, 12, 31, 14, 28, 9, 26, 14, 23, 20, 21, 7, 17, 21, 14, 14, 23, 25, 22, 16, 11, 8, 4, 
17, 0, 22, 15, 11, 25, 21, 8, 17, 13, 10, 20, 18, 2, 21, 11, 26, 2, 28, 27, 1, 17, 14, 6, 12, 10, 16, 2, 10, 12, 3, 19, 
15, 11, 4, 14, 27, 7, 6, 3, 22, 9, 19, 5, 9, 29, 1, 4, 20, 11, 24, 21, 16, 9, 15, 13, 29, 11, 29, 27, 0, 30, 15, 24, 
19, 29, 0, 25, 26, 5, 28, 5, 26, 2, 11, 10, 6, 28, 9, 16, 5, 28, 3, 4, 5, 3, 7, 29, 3, 25, 0, 25, 8, 22, 17, 8, 
8, 7, 15, 10, 22, 20, 31, 8, 18, 15, 21, 2, 27, 24, 17, 7, 9, 30, 26, 6, 19, 14, 8, 0, 29, 25, 31, 20, 1, 2, 19, 5, 
8, 1, 27, 16, 10, 12, 3, 23, 5, 18, 5, 6, 16, 12, 31, 13, 4, 12, 12, 14, 0, 17, 5, 10, 10, 3, 13, 3, 29, 11, 12, 21, 
8, 11, 31, 11, 4, 0, 14, 9, 13, 10, 27, 3, 0, 19, 2, 11, 19, 16, 10, 0, 10, 10, 11, 9, 16, 4, 14, 12, 8, 2, 7, 30, 
12, 18, 17, 29, 29, 12, 15, 3, 23, 15, 10, 7, 6, 18, 15, 22, 15, 6, 31, 13, 4, 8, 2, 27, 10, 2, 6, 31, 9, 16, 23, 14, 
5, 6, 24, 5, 2, 27, 15, 9, 25, 31, 29, 29, 0, 17, 24, 1, 8, 23, 1, 3, 11, 14, 3, 12, 4, 25, 16, 8, 24, 7, 1, 25, 
24, 26, 12, 0, 3, 8, 21, 4, 7, 0, 1, 4, 10, 15, 8, 17, 20, 11, 14, 13, 29, 13, 10, 28, 5, 6, 1, 24, 14, 23, 16, 9, 
12, 26, 3, 10, 29, 0, 11, 2, 19, 11, 0, 15, 21, 18, 5, 26, 8, 17, 4, 11, 15, 12, 15, 23, 17, 4, 11, 19, 2, 28, 27, 2, 
3, 1, 1, 14, 1, 10, 7, 31, 21, 5, 2, 27, 13, 20, 19, 10, 7, 15, 3, 22, 0, 25, 30, 7, 4, 29, 26, 3, 21, 12, 11, 18, 
6, 12, 31, 1, 22, 2, 31, 28, 0, 6, 5, 15, 25, 9, 8, 22, 25, 8, 6, 31, 3, 24, 17, 13, 12, 21, 3, 28, 25, 4, 16, 18, 
31, 10, 25, 30, 31, 17, 12, 26, 20, 3, 28, 11, 13, 1, 11, 15, 24, 25, 23, 30, 9, 21, 26, 13, 15, 2, 20, 31, 1, 10, 15, 8, 
23, 10, 24, 9, 24, 27, 5, 6, 26, 18, 3, 5, 13, 20, 11, 28, 0, 19, 25, 7, 0, 11, 13, 0, 26, 24, 16, 16, 13, 12, 16, 1, 
6, 21, 17, 5, 19, 29, 7, 30, 11, 11, 27, 27, 30, 15, 15, 4, 3, 17, 28, 27, 21, 6, 25, 17, 7, 24, 11, 6, 10, 5, 12, 17, 
29, 4, 5, 11, 16, 9, 25, 23, 13, 21, 9, 7, 24, 29, 23, 1, 5, 7, 14, 16, 15, 16, 10, 14, 6, 9, 19, 12, 10, 0, 12, 6, 
15, 30, 19, 10, 12, 2, 30, 17, 15, 14, 13, 3, 31, 3, 30, 14, 1, 12, 14, 10, 21, 3, 8, 15, 0, 5, 31, 7, 11, 8, 21, 22, 
1, 8, 3, 1, 4, 0, 2, 5, 20, 5, 30, 8, 17, 3, 0, 9, 17, 28, 14, 29, 1, 9, 18, 7, 1, 14, 19, 4, 3, 3, 3, 29, 
2, 22, 23, 3, 11, 13, 13, 6, 3, 9, 4, 6, 12, 11, 9, 21, 25, 4, 26, 12, 29, 11, 1, 24, 8, 0, 2, 28, 25, 19, 20, 13, 
15, 5, 6, 29, 23, 25, 19, 29, 24, 29, 10, 30, 31, 2, 25, 22, 26, 2, 14, 9, 27, 3, 2, 14, 14, 3, 21, 13, 11, 19, 10, 12, 
18, 4, 24, 10, 0, 10, 16, 3, 10, 24, 0, 24, 2, 3, 3, 7, 30, 1, 13, 15, 23, 15, 9, 0, 15, 21, 27, 1, 14, 13, 13, 16, 
2, 16, 29, 4, 24, 19, 4, 15, 11, 18, 31, 23, 5, 2, 11, 3, 8, 22, 21, 30, 31, 22, 15, 13, 8, 24, 7, 17, 23, 11, 8, 27, 
9, 3, 2, 30, 5, 4, 11, 18, 19, 29, 5, 2, 28, 6, 10, 19, 31, 22, 7, 10, 16, 24, 7, 30, 13, 3, 9, 26, 5, 21, 18, 11, 
7, 14, 8, 0, 19, 1, 31, 0, 28, 26, 22, 7, 22, 16, 29, 4, 19, 26, 27, 8, 31, 16, 1, 9, 3, 12, 7, 2, 13, 13, 5, 28, 
1, 18, 9, 24, 21, 20, 24, 1, 6, 11, 10, 5, 21, 10, 13, 20, 22, 6, 15, 8, 11, 7, 0, 25, 13, 0, 4, 29, 12, 18, 21, 12, 
30, 15, 17, 10, 24, 0, 7, 2, 4, 31, 15, 14, 12, 14, 2, 31, 12, 13, 19, 9, 6, 2, 12, 18, 2, 1, 22, 22, 14, 25, 30, 7, 
10, 8, 1, 11, 17, 11, 18, 26, 5, 4, 7, 30, 5, 17, 22, 15, 9, 13, 15, 19, 20, 28, 27, 2, 7, 24, 31, 6, 16, 9, 14, 23, 
31, 6, 3, 13, 22, 19, 23, 22, 19, 15, 29, 0, 30, 5, 26, 1, 10, 28, 28, 10, 1, 8, 20, 22, 10, 27, 4, 20, 17, 2, 24, 9, 
20, 23, 20, 26, 19, 22, 24, 21, 3, 14, 31, 10, 6, 28, 6, 1, 10, 16, 18, 6, 17, 8, 3, 24, 20, 11, 11, 8, 17, 7, 0, 25, 
23, 24, 11, 12, 31, 31, 8, 11, 18, 27, 16, 2, 29, 30, 15, 17, 10, 30, 30, 14, 26, 1, 5, 28, 27, 9, 12, 1, 12, 9, 13, 18, 
20, 3, 25, 17, 15, 21, 0, 2, 12, 24, 10, 1, 26, 31, 3, 26, 23, 10, 20, 7, 18, 9, 8, 23, 18, 5, 11, 19, 11, 28, 27, 2, 
9, 18, 27, 19, 10, 30, 16, 14, 24, 5, 13, 7, 10, 4, 26, 13, 4, 10, 7, 0, 29, 6, 27, 15, 8, 18, 12, 3, 14, 15, 1, 21, 
7, 2, 29, 4, 15, 14, 9, 8, 11, 15, 5, 12, 13, 10, 4, 29, 29, 2, 8, 1, 4, 0, 3, 16, 13, 10, 6, 20, 2, 27, 28, 5, 
7, 18, 2, 9, 27, 23, 1, 0, 6, 8, 4, 23, 24, 7, 12, 22, 3, 2, 5, 10, 29, 6, 11, 27, 11, 8, 3, 31, 12, 16, 23, 14, 
20, 29, 6, 0, 4, 13, 7, 19, 24, 10, 14, 23, 1, 24, 31, 6, 14, 9, 10, 26, 30, 21, 18, 11, 15, 17, 22, 15, 25, 0, 7, 30, 
9, 3, 17, 5, 11, 18, 27, 19, 21, 22, 20, 1, 9, 14, 8, 11, 18, 6, 14, 16, 30, 12, 16, 27, 5, 1, 7, 0, 1, 6, 3, 19, 
30, 0, 8, 20, 2, 15, 15, 14, 13, 17, 4, 10, 30, 9, 2, 27, 28, 28, 11, 12, 1, 3, 4, 22, 11, 12, 0, 18, 15, 29, 26, 3, 
25, 17, 0, 29, 12, 23, 7, 10, 28, 9, 1, 6, 22, 9, 9, 16, 31, 24, 0, 11, 18, 7, 6, 29, 0, 7, 15, 25, 4, 22, 17, 8, 
19, 2, 4, 14, 6, 8, 12, 21, 1, 18, 0, 17, 5, 30, 25, 0, 18, 1, 5, 28, 7, 19, 20, 13, 14, 23, 16, 9, 31, 6, 1, 24, 
3, 25, 22, 30, 22, 10, 5, 13, 17, 3, 19, 9, 23, 11, 14, 23, 23, 29, 14, 1, 17, 6, 3, 26, 24, 2, 7, 30, 8, 17, 22, 15, 
21, 24, 13, 3, 10, 12, 11, 18, 7, 24, 15, 22, 0, 25, 30, 7, 14, 5, 2, 27, 13, 20, 19, 10, 9, 16, 23, 14, 24, 1, 6, 31, 
0, 0, 11, 11, 21, 7, 0, 25, 28, 12, 13, 29, 9, 18, 21, 12, 30, 14, 9, 16, 4, 31, 24, 1, 3, 27, 28, 5, 19, 10, 13, 20, 
22, 5, 8, 24, 0, 23, 16, 9, 9, 19, 20, 13, 27, 2, 5, 28, 8, 30, 25, 0, 22, 15, 8, 17, 18, 11, 12, 21, 3, 26, 29, 4, 
7, 28, 27, 3, 18, 30, 14, 10, 25, 4, 10, 23, 28, 22, 29, 16, 29, 23, 31, 12, 17, 11, 28, 11, 10, 10, 26, 15, 22, 30, 9, 5, 
21, 4, 11, 21, 21, 16, 12, 8, 1, 6, 13, 18, 10, 15, 24, 15, 21, 26, 19, 25, 25, 2, 18, 3, 2, 17, 24, 15, 0, 4, 11, 14, 
16, 30, 13, 17, 27, 7, 2, 19, 17, 8, 16, 2, 3, 17, 4, 4, 5, 4, 22, 13, 16, 20, 0, 17, 9, 22, 16, 15, 27, 2, 17, 12, 
29, 25, 8, 16, 16, 25, 25, 23, 14, 15, 8, 28, 20, 3, 27, 13, 8, 23, 14, 16, 0, 15, 20, 0, 10, 1, 31, 4, 22, 11, 9, 21, 
25, 26, 7, 30, 31, 1, 24, 27, 19, 17, 18, 25, 8, 17, 29, 15, 19, 3, 14, 6, 26, 22, 17, 20, 17, 17, 5, 13, 20, 0, 25, 2, 
16, 19, 13, 19, 10, 0, 29, 29, 26, 1, 17, 9, 13, 6, 10, 3, 23, 7, 21, 26, 14, 2, 9, 3, 20, 27, 27, 10, 9, 12, 15, 18, 
31, 2, 0, 29, 12, 29, 5, 3, 5, 9, 10, 31, 6, 22, 20, 1, 13, 12, 14, 17, 8, 7, 14, 8, 3, 9, 21, 13, 19, 4, 10, 25, 
22, 0, 31, 19, 24, 23, 11, 4, 18, 4, 14, 0, 3, 15, 6, 17, 30, 13, 8, 8, 7, 2, 11, 28, 29, 0, 1, 24, 14, 23, 16, 9, 
4, 25, 7, 5, 5, 27, 2, 29, 15, 13, 8, 13, 31, 14, 13, 17, 17, 23, 1, 0, 26, 31, 12, 13, 17, 20, 27, 15, 30, 1, 8, 6, 
24, 23, 19, 6, 25, 28, 21, 29, 24, 6, 22, 6, 12, 8, 14, 12, 16, 24, 10, 14, 21, 27, 24, 1, 18, 21, 20, 5, 16, 27, 2, 20, 
19, 8, 20, 0, 30, 26, 17, 1, 20, 25, 6, 4, 19, 15, 30, 2, 11, 23, 15, 25, 5, 0, 10, 7, 19, 10, 15, 0, 6, 13, 14, 31, 
22, 25, 17, 8, 19, 28, 20, 8, 24, 9, 20, 31, 3, 8, 9, 23, 17, 18, 23, 9, 21, 0, 11, 26, 28, 24, 29, 30, 4, 17, 22, 15, 
22, 12, 23, 4, 13, 21, 29, 9, 0, 4, 17, 5, 11, 10, 6, 0, 15, 31, 25, 10, 3, 22, 24, 3, 14, 6, 4, 13, 14, 8, 12, 24, 
24, 28, 2, 27, 15, 0, 15, 5, 29, 31, 13, 1, 28, 11, 7, 16, 2, 23, 6, 11, 11, 2, 4, 29, 31, 8, 26, 25, 17, 22, 17, 8, 
20, 12, 18, 7, 18, 13, 27, 14, 23, 17, 14, 11, 9, 5, 2, 27, 6, 25, 21, 21, 7, 3, 27, 22, 26, 12, 12, 18, 15, 29, 26, 3, 
26, 1, 8, 15, 22, 1, 7, 30, 14, 13, 3, 26, 12, 21, 18, 11, 8, 6, 21, 23, 8, 24, 31, 6, 18, 28, 27, 2, 20, 13, 10, 19, 
6, 27, 11, 31, 28, 18, 28, 17, 12, 11, 25, 29, 27, 2, 2, 7, 14, 1, 16, 9, 19, 24, 23, 7, 26, 4, 3, 1, 18, 11, 0, 6, 
28, 10, 5, 1, 22, 26, 27, 6, 9, 22, 2, 8, 30, 9, 7, 5, 8, 29, 2, 12, 21, 0, 21, 8, 18, 26, 20, 7, 16, 3, 4, 29, 
26, 14, 6, 26, 22, 6, 31, 4, 12, 3, 0, 13, 19, 12, 7, 25, 28, 17, 31, 26, 9, 19, 28, 3, 23, 30, 29, 1, 25, 15, 15, 22, 
22, 11, 8, 21, 15, 3, 7, 12, 1, 28, 13, 6, 16, 30, 4, 30, 20, 27, 12, 2, 14, 13, 10, 19, 27, 9, 14, 23, 2, 24, 31, 6, 
12, 7, 28, 20, 2, 11, 3, 10, 26, 26, 16, 4, 20, 27, 19, 9, 3, 9, 12, 12, 0, 6, 14, 4, 20, 22, 6, 12, 28, 5, 8, 17, 
20, 28, 9, 21, 31, 2, 10, 2, 15, 3, 7, 8, 13, 7, 6, 25, 7, 10, 25, 5, 28, 9, 9, 20, 3, 14, 1, 16, 6, 31, 24, 1, 
25, 10, 15, 22, 18, 24, 12, 2, 19, 2, 9, 13, 0, 25, 11, 18, 5, 23, 1, 14, 0, 5, 26, 31, 6, 7, 2, 27, 9, 20, 19, 10, 
18, 22, 18, 13, 10, 17, 12, 23, 15, 10, 5, 19, 5, 28, 27, 2, 12, 23, 6, 30, 8, 17, 22, 15, 12, 21, 18, 11, 29, 4, 3, 26, 
3, 19, 20, 4, 6, 31, 7, 4, 25, 24, 13, 31, 1, 23, 21, 15, 25, 13, 0, 19, 13, 29, 13, 2, 15, 16, 26, 10, 15, 4, 6, 23, 
9, 9, 2, 10, 17, 10, 30, 11, 15, 8, 10, 14, 16, 1, 9, 31, 24, 21, 22, 3, 10, 14, 11, 18, 5, 14, 14, 22, 26, 25, 30, 7, 
4, 11, 4, 9, 28, 8, 28, 12, 16, 21, 23, 3, 17, 27, 4, 20, 23, 11, 11, 8, 8, 15, 4, 25, 25, 11, 4, 29, 15, 18, 21, 12, 
11, 18, 10, 11, 29, 13, 5, 17, 25, 11, 12, 21, 8, 26, 29, 4, 4, 4, 0, 24, 14, 23, 16, 9, 2, 19, 20, 13, 27, 2, 5, 28, 
3, 17, 9, 12, 0, 3, 0, 6, 0, 1, 3, 13, 6, 10, 10, 19, 23, 9, 0, 11, 22, 1, 7, 30, 27, 9, 15, 26, 12, 21, 18, 11, 
29, 7, 22, 5, 10, 8, 4, 22, 5, 12, 11, 18, 4, 29, 26, 3, 24, 0, 14, 31, 9, 16, 23, 14, 5, 20, 19, 10, 28, 5, 2, 27, 
11, 8, 10, 7, 8, 1, 4, 29, 26, 15, 8, 25, 14, 22, 17, 8, 24, 10, 2, 20, 4, 27, 28, 5, 13, 31, 24, 1, 23, 14, 9, 16, 
3, 2, 9, 28, 6, 19, 20, 13, 12, 23, 16, 9, 31, 6, 1, 24, 3, 26, 29, 4, 18, 11, 12, 21, 22, 15, 8, 17, 7, 30, 25, 0, 
9, 5, 18, 22, 7, 24, 4, 25, 7, 12, 3, 20, 5, 14, 25, 7, 4, 28, 14, 30, 0, 24, 3, 30, 31, 19, 11, 2, 23, 22, 12, 8, 
30, 26, 22, 4, 12, 13, 3, 14, 5, 3, 21, 23, 31, 12, 19, 11, 8, 7, 5, 31, 9, 3, 20, 20, 2, 3, 22, 9, 20, 6, 1, 24, 
11, 20, 31, 8, 30, 15, 31, 13, 25, 17, 25, 7, 12, 1, 6, 5, 24, 21, 9, 7, 16, 22, 31, 10, 13, 5, 8, 28, 28, 9, 11, 19, 
16, 17, 19, 5, 27, 0, 14, 24, 26, 5, 23, 2, 10, 8, 8, 27, 18, 12, 3, 12, 12, 7, 15, 22, 10, 13, 12, 18, 14, 29, 26, 3, 
15, 10, 16, 17, 9, 16, 22, 12, 29, 3, 19, 6, 21, 4, 1, 2, 13, 2, 18, 4, 30, 10, 16, 1, 28, 13, 31, 11, 27, 13, 13, 20, 
27, 5, 1, 8, 14, 11, 7, 9, 6, 13, 10, 7, 24, 2, 5, 28, 11, 12, 13, 0, 9, 15, 11, 17, 6, 5, 12, 21, 6, 26, 29, 4, 
23, 27, 2, 13, 17, 7, 9, 11, 13, 10, 8, 3, 17, 8, 0, 23, 16, 2, 9, 6, 8, 4, 2, 26, 1, 15, 6, 30, 27, 17, 22, 15, 
4, 11, 5, 12, 1, 25, 8, 18, 5, 14, 4, 22, 7, 25, 30, 7, 15, 5, 2, 27, 10, 20, 19, 10, 9, 16, 23, 14, 24, 1, 6, 31, 
4, 29, 18, 2, 25, 1, 5, 10, 11, 4, 27, 8, 9, 29, 12, 4, 26, 18, 4, 19, 26, 21, 15, 6, 18, 8, 28, 5, 28, 12, 9, 18, 
14, 1, 26, 15, 9, 13, 30, 31, 12, 0, 18, 10, 28, 7, 11, 26, 3, 26, 7, 6, 4, 9, 4, 23, 5, 20, 29, 19, 18, 28, 27, 2, 
23, 6, 1, 14, 13, 0, 8, 16, 13, 24, 30, 24, 25, 19, 0, 17, 22, 26, 0, 11, 17, 14, 4, 28, 11, 7, 4, 24, 0, 23, 16, 9, 
17, 0, 5, 31, 6, 1, 17, 20, 28, 27, 8, 16, 14, 31, 24, 1, 7, 3, 16, 29, 29, 18, 21, 12, 2, 22, 17, 8, 30, 7, 0, 25, 
20, 31, 26, 9, 23, 0, 28, 3, 13, 11, 26, 7, 9, 14, 15, 22, 24, 22, 29, 15, 11, 5, 8, 27, 31, 1, 4, 31, 3, 16, 23, 14, 
8, 6, 23, 2, 14, 13, 12, 19, 26, 9, 6, 23, 1, 24, 31, 6, 26, 4, 3, 26, 12, 21, 18, 11, 25, 17, 22, 15, 25, 0, 7, 30, 
0, 28, 19, 9, 28, 6, 13, 24, 16, 12, 2, 28, 10, 19, 20, 13, 14, 3, 5, 17, 1, 30, 25, 0, 5, 26, 29, 4, 18, 11, 12, 21, 
31, 14, 0, 25, 25, 22, 17, 8, 11, 18, 21, 12, 26, 3, 4, 29, 6, 31, 24, 1, 23, 14, 9, 16, 19, 10, 13, 20, 2, 27, 28, 5, 
6, 22, 15, 7, 30, 0, 17, 14, 23, 2, 23, 11, 25, 15, 31, 6, 4, 21, 22, 4, 7, 0, 11, 9, 19, 0, 27, 15, 9, 12, 2, 27, 
6, 9, 21, 8, 13, 0, 7, 0, 5, 3, 21, 2, 14, 3, 13, 19, 27, 1, 9, 15, 12, 5, 14, 30, 20, 4, 3, 26, 15, 21, 18, 11, 
5, 15, 28, 8, 24, 31, 1, 13, 22, 4, 31, 18, 23, 1, 14, 24, 7, 23, 3, 5, 17, 12, 4, 21, 13, 2, 10, 17, 5, 30, 25, 0, 
21, 23, 2, 9, 1, 2, 10, 29, 12, 10, 8, 25, 1, 22, 17, 8, 9, 14, 13, 20, 14, 27, 28, 5, 6, 31, 24, 1, 23, 14, 9, 16, 
9, 26, 9, 5, 19, 5, 11, 10, 7, 30, 3, 14, 27, 11, 6, 31, 14, 28, 6, 18, 1, 17, 27, 18, 4, 21, 22, 22, 0, 25, 30, 7, 
25, 9, 13, 11, 12, 4, 15, 26, 0, 2, 15, 30, 8, 17, 22, 15, 8, 12, 9, 19, 5, 28, 27, 2, 1, 24, 31, 6, 16, 9, 14, 23, 
26, 6, 20, 0, 8, 12, 29, 17, 12, 4, 19, 21, 15, 26, 29, 4, 0, 6, 17, 24, 7, 23, 16, 9, 1, 19, 20, 13, 27, 2, 5, 28, 
27, 2, 7, 16, 3, 31, 24, 1, 0, 27, 28, 5, 19, 10, 13, 20, 15, 22, 17, 8, 30, 7, 0, 25, 26, 3, 4, 29, 11, 18, 21, 12, 
10, 20, 26, 18, 7, 17, 8, 4, 26, 6, 31, 0, 19, 7, 12, 25, 22, 22, 25, 13, 17, 10, 1, 20, 14, 14, 20, 16, 10, 31, 24, 1, 
14, 4, 9, 13, 17, 12, 6, 28, 23, 6, 9, 24, 3, 23, 16, 9, 8, 6, 10, 21, 7, 26, 29, 4, 23, 30, 25, 0, 22, 15, 8, 17, 
19, 24, 21, 10, 0, 8, 24, 23, 24, 1, 31, 19, 4, 28, 27, 2, 5, 0, 3, 30, 12, 17, 22, 15, 9, 21, 18, 11, 29, 4, 3, 26, 
24, 11, 27, 22, 7, 25, 30, 7, 2, 29, 26, 3, 21, 12, 11, 18, 12, 16, 23, 14, 24, 1, 6, 31, 28, 5, 2, 27, 13, 20, 19, 10, 
17, 8, 8, 1, 7, 2, 14, 16, 5, 10, 11, 20, 13, 27, 28, 5, 23, 14, 10, 25, 13, 22, 17, 8, 11, 18, 21, 12, 26, 3, 4, 29, 
10, 15, 4, 17, 6, 30, 25, 0, 3, 26, 29, 4, 18, 11, 12, 21, 7, 23, 16, 9, 31, 6, 1, 24, 27, 2, 5, 28, 10, 19, 20, 13, 
28, 4, 31, 26, 14, 21, 18, 11, 3, 17, 22, 15, 25, 0, 7, 30, 19, 28, 27, 2, 20, 13, 10, 19, 16, 9, 14, 23, 1, 24, 31, 6, 
1, 20, 19, 10, 28, 5, 2, 27, 24, 1, 6, 31, 9, 16, 23, 14, 21, 12, 11, 18, 4, 29, 26, 3, 0, 25, 30, 7, 17, 8, 15, 22, 
19, 11, 4, 19, 16, 13, 28, 2, 0, 14, 21, 9, 26, 17, 15, 11, 27, 15, 7, 2, 17, 9, 24, 17, 15, 14, 25, 20, 4, 6, 5, 23, 
19, 4, 25, 0, 2, 15, 18, 14, 28, 8, 30, 2, 21, 28, 9, 13, 13, 30, 8, 22, 24, 28, 16, 0, 2, 7, 0, 13, 27, 3, 5, 8, 
10, 23, 5, 23, 2, 27, 28, 13, 15, 10, 6, 8, 29, 6, 6, 21, 28, 24, 18, 8, 17, 19, 11, 5, 25, 6, 5, 4, 29, 27, 11, 9, 
30, 4, 5, 11, 10, 30, 4, 3, 29, 15, 24, 27, 25, 23, 5, 10, 3, 4, 12, 18, 1, 20, 14, 6, 5, 5, 3, 2, 4, 21, 12, 19, 
22, 9, 18, 18, 14, 13, 2, 9, 23, 6, 31, 31, 1, 15, 29, 4, 18, 26, 20, 30, 17, 23, 31, 22, 9, 11, 27, 5, 3, 24, 0, 8, 
13, 10, 18, 7, 0, 30, 6, 14, 23, 20, 8, 20, 29, 22, 4, 12, 11, 14, 6, 4, 23, 4, 3, 5, 11, 13, 3, 6, 27, 23, 13, 20, 
10, 10, 4, 31, 2, 21, 1, 13, 28, 16, 13, 23, 17, 27, 23, 18, 25, 5, 6, 3, 4, 2, 10, 15, 18, 12, 16, 0, 15, 1, 6, 31, 
4, 16, 30, 24, 11, 2, 5, 11, 2, 4, 25, 5, 8, 6, 14, 23, 23, 6, 16, 9, 24, 8, 3, 26, 11, 10, 13, 30, 7, 17, 22, 15, 
18, 7, 19, 17, 31, 29, 0, 26, 6, 28, 30, 7, 21, 8, 24, 31, 4, 0, 21, 9, 25, 29, 22, 12, 22, 31, 10, 18, 5, 0, 8, 2, 
1, 28, 28, 9, 26, 20, 18, 12, 26, 22, 6, 1, 23, 5, 8, 15, 10, 18, 15, 13, 20, 13, 6, 1, 7, 7, 9, 3, 9, 3, 11, 18, 
3, 22, 3, 9, 11, 14, 20, 27, 20, 13, 1, 24, 31, 25, 25, 7, 6, 30, 3, 20, 10, 11, 1, 0, 2, 3, 3, 19, 11, 4, 8, 25, 
28, 15, 25, 30, 12, 9, 3, 9, 16, 8, 28, 0, 9, 21, 31, 17, 17, 15, 1, 12, 15, 12, 5, 28, 0, 30, 14, 24, 8, 23, 16, 9, 
22, 16, 5, 17, 19, 1, 10, 3, 5, 26, 15, 29, 27, 10, 25, 5, 29, 1, 28, 6, 18, 6, 13, 11, 17, 11, 1, 0, 14, 9, 15, 30, 
23, 17, 31, 22, 6, 13, 9, 6, 28, 22, 17, 7, 15, 14, 11, 22, 13, 21, 29, 10, 1, 5, 2, 27, 26, 3, 9, 31, 6, 16, 23, 14, 
12, 17, 13, 1, 26, 17, 8, 7, 30, 21, 28, 10, 1, 1, 4, 29, 3, 21, 2, 5, 4, 14, 9, 16, 1, 15, 3, 20, 11, 27, 28, 5, 
4, 20, 4, 10, 0, 23, 1, 24, 29, 10, 5, 28, 10, 19, 20, 13, 29, 1, 0, 17, 12, 30, 25, 0, 8, 26, 29, 4, 18, 11, 12, 21, 
6, 23, 14, 24, 22, 1, 4, 30, 1, 22, 27, 11, 1, 25, 25, 22, 11, 12, 13, 25, 13, 1, 28, 3, 2, 28, 4, 12, 21, 2, 28, 11, 
12, 24, 10, 11, 31, 24, 30, 14, 8, 23, 19, 14, 4, 14, 6, 3, 23, 19, 17, 24, 9, 4, 9, 0, 25, 1, 1, 10, 9, 5, 10, 27, 
18, 19, 20, 29, 0, 11, 8, 2, 0, 4, 31, 28, 3, 2, 8, 10, 31, 22, 21, 12, 29, 10, 21, 14, 15, 14, 6, 4, 29, 0, 5, 16, 
14, 15, 3, 8, 21, 14, 6, 3, 6, 29, 0, 9, 3, 24, 1, 24, 19, 22, 13, 15, 10, 13, 13, 21, 2, 0, 11, 17, 8, 30, 25, 0, 
11, 28, 31, 16, 0, 19, 1, 7, 27, 26, 4, 20, 24, 31, 22, 6, 16, 13, 25, 4, 20, 9, 4, 2, 24, 28, 29, 1, 3, 13, 9, 23, 
23, 4, 11, 4, 8, 4, 2, 10, 30, 5, 9, 13, 13, 1, 15, 31, 23, 3, 15, 7, 30, 12, 11, 18, 17, 1, 3, 22, 15, 25, 30, 7, 
7, 31, 18, 11, 4, 1, 20, 12, 25, 18, 1, 11, 12, 11, 13, 20, 11, 4, 4, 8, 27, 7, 0, 25, 11, 0, 12, 29, 11, 18, 21, 12, 
19, 4, 22, 1, 21, 12, 10, 17, 7, 15, 7, 21, 3, 26, 29, 4, 18, 4, 8, 24, 31, 23, 16, 9, 9, 19, 20, 13, 27, 2, 5, 28, 
18, 28, 26, 8, 30, 9, 12, 14, 3, 29, 11, 12, 18, 0, 10, 9, 25, 18, 8, 11, 12, 7, 14, 4, 11, 10, 20, 8, 12, 15, 6, 17, 
6, 28, 29, 14, 15, 9, 30, 10, 0, 22, 3, 16, 13, 7, 0, 25, 4, 25, 14, 6, 16, 8, 4, 20, 18, 1, 9, 16, 6, 31, 24, 1, 
13, 8, 29, 31, 5, 24, 13, 6, 4, 25, 1, 0, 1, 24, 8, 18, 8, 5, 30, 5, 19, 2, 1, 31, 15, 9, 2, 27, 12, 20, 19, 10, 
29, 10, 29, 11, 31, 9, 14, 23, 0, 2, 10, 19, 12, 28, 27, 2, 27, 11, 7, 30, 0, 17, 22, 15, 14, 21, 18, 11, 29, 4, 3, 26, 
23, 21, 2, 7, 20, 24, 7, 0, 12, 30, 3, 4, 11, 8, 14, 21, 14, 2, 5, 9, 13, 18, 1, 24, 0, 4, 12, 28, 10, 19, 20, 13, 
15, 10, 14, 20, 22, 12, 6, 16, 27, 4, 13, 20, 2, 27, 28, 5, 7, 7, 12, 25, 4, 22, 17, 8, 11, 18, 21, 12, 26, 3, 4, 29, 
17, 16, 27, 5, 9, 5, 15, 27, 21, 9, 6, 31, 3, 16, 23, 14, 5, 14, 3, 18, 5, 29, 26, 3, 2, 25, 30, 7, 17, 8, 15, 22, 
7, 0, 12, 26, 4, 21, 18, 11, 15, 17, 22, 15, 25, 0, 7, 30, 10, 28, 27, 2, 20, 13, 10, 19, 16, 9, 14, 23, 1, 24, 31, 6, 
27, 24, 29, 31, 26, 6, 31, 27, 20, 15, 20, 12, 0, 3, 14, 0, 4, 10, 25, 12, 7, 3, 20, 28, 22, 13, 27, 7, 29, 3, 15, 4, 
21, 1, 15, 9, 13, 21, 23, 18, 22, 11, 28, 0, 12, 31, 19, 2, 6, 3, 0, 4, 19, 2, 11, 10, 18, 1, 3, 15, 22, 0, 7, 30, 
9, 5, 4, 25, 27, 18, 15, 0, 31, 26, 22, 3, 29, 20, 18, 1, 16, 3, 15, 8, 19, 5, 21, 8, 30, 27, 2, 10, 6, 11, 15, 21, 
0, 10, 0, 19, 5, 12, 15, 11, 6, 9, 9, 19, 11, 15, 13, 29, 26, 10, 27, 29, 21, 3, 2, 16, 10, 6, 8, 20, 2, 27, 28, 5, 
1, 13, 28, 12, 22, 12, 26, 9, 24, 0, 12, 15, 11, 15, 2, 1, 3, 20, 9, 5, 0, 31, 15, 6, 26, 7, 30, 21, 9, 12, 1, 18, 
23, 6, 3, 21, 13, 0, 17, 6, 24, 24, 22, 17, 8, 5, 9, 26, 2, 30, 5, 14, 14, 9, 6, 23, 14, 3, 20, 19, 5, 28, 27, 2, 
15, 4, 20, 27, 26, 12, 22, 0, 1, 25, 16, 30, 5, 8, 7, 17, 31, 5, 5, 1, 14, 2, 5, 28, 4, 25, 5, 24, 13, 23, 16, 9, 
23, 1, 4, 15, 18, 4, 0, 20, 8, 12, 23, 16, 9, 31, 24, 1, 17, 3, 17, 29, 4, 18, 21, 12, 1, 22, 17, 8, 30, 7, 0, 25, 
25, 14, 27, 19, 19, 2, 1, 26, 14, 25, 27, 23, 0, 1, 1, 6, 31, 4, 24, 28, 26, 22, 30, 17, 11, 21, 8, 14, 8, 14, 1, 20, 
21, 17, 26, 0, 8, 22, 23, 4, 10, 4, 26, 27, 22, 11, 5, 28, 14, 10, 24, 21, 13, 7, 8, 17, 14, 14, 12, 21, 2, 26, 29, 4, 
28, 12, 25, 27, 21, 26, 12, 19, 23, 22, 16, 16, 25, 10, 12, 23, 9, 13, 21, 21, 3, 12, 11, 26, 7, 11, 11, 30, 14, 17, 22, 15, 
8, 6, 1, 3, 28, 0, 23, 18, 6, 12, 13, 22, 1, 25, 30, 7, 29, 12, 8, 27, 10, 20, 19, 10, 9, 16, 23, 14, 24, 1, 6, 31, 
23, 17, 8, 22, 13, 27, 25, 10, 23, 1, 10, 9, 0, 8, 17, 16, 5, 11, 28, 13, 24, 10, 4, 29, 3, 5, 29, 25, 7, 22, 17, 8, 
30, 4, 15, 12, 5, 15, 6, 21, 19, 26, 28, 17, 3, 30, 25, 0, 1, 2, 14, 28, 10, 19, 20, 13, 3, 23, 16, 9, 31, 6, 1, 24, 
22, 5, 15, 4, 12, 10, 7, 30, 20, 15, 14, 26, 2, 21, 18, 11, 20, 15, 11, 23, 8, 24, 31, 6, 10, 28, 27, 2, 20, 13, 10, 19, 
19, 7, 6, 31, 5, 16, 23, 14, 13, 20, 19, 10, 28, 5, 2, 27, 0, 25, 30, 7, 17, 8, 15, 22, 21, 12, 11, 18, 4, 29, 26, 3, 
31, 21, 5, 1, 11, 9, 21, 8, 16, 28, 20, 15, 1, 3, 3, 5, 2, 3, 9, 13, 13, 8, 18, 3, 30, 22, 28, 13, 19, 2, 7, 29, 
13, 24, 6, 10, 7, 23, 0, 14, 1, 2, 30, 4, 10, 11, 12, 21, 4, 29, 24, 9, 1, 6, 3, 24, 26, 13, 5, 28, 10, 19, 20, 13, 
20, 12, 22, 11, 25, 31, 4, 7, 9, 9, 31, 12, 31, 14, 10, 30, 27, 18, 4, 0, 29, 5, 12, 19, 8, 4, 14, 23, 8, 24, 31, 6, 
10, 30, 4, 5, 3, 22, 8, 27, 31, 0, 3, 31, 6, 16, 23, 14, 13, 12, 2, 18, 26, 29, 26, 3, 4, 25, 30, 7, 17, 8, 15, 22, 
15, 24, 8, 28, 16, 9, 10, 8, 6, 5, 3, 25, 29, 7, 13, 25, 25, 4, 8, 2, 16, 30, 12, 20, 5, 14, 26, 16, 25, 31, 24, 1, 
28, 31, 21, 13, 0, 14, 4, 28, 31, 8, 13, 24, 14, 23, 16, 9, 8, 0, 11, 21, 12, 26, 29, 4, 7, 30, 25, 0, 22, 15, 8, 17, 
30, 18, 26, 6, 26, 10, 2, 23, 31, 2, 11, 19, 5, 28, 27, 2, 2, 6, 1, 30, 6, 17, 22, 15, 3, 21, 18, 11, 29, 4, 3, 26, 
6, 3, 15, 22, 30, 25, 30, 7, 13, 29, 26, 3, 21, 12, 11, 18, 31, 16, 23, 14, 24, 1, 6, 31, 28, 5, 2, 27, 13, 20, 19, 10, 
13, 17, 16, 17, 24, 23, 15, 2, 11, 13, 5, 15, 8, 3, 26, 31, 29, 6, 14, 0, 28, 18, 31, 18, 26, 13, 15, 22, 4, 25, 30, 7, 
10, 21, 10, 28, 27, 4, 1, 26, 10, 1, 7, 30, 8, 17, 22, 15, 13, 8, 13, 19, 16, 28, 27, 2, 9, 24, 31, 6, 16, 9, 14, 23, 
19, 28, 23, 5, 13, 0, 7, 17, 22, 28, 15, 21, 1, 26, 29, 4, 13, 3, 10, 24, 30, 23, 16, 9, 8, 19, 20, 13, 27, 2, 5, 28, 
7, 15, 11, 16, 0, 31, 24, 1, 15, 27, 28, 5, 19, 10, 13, 20, 14, 22, 17, 8, 30, 7, 0, 25, 26, 3, 4, 29, 11, 18, 21, 12, 
17, 9, 8, 14, 27, 1, 15, 22, 27, 14, 21, 18, 6, 29, 26, 3, 8, 12, 6, 31, 12, 16, 23, 14, 13, 20, 19, 10, 28, 5, 2, 27, 
7, 9, 11, 23, 8, 24, 31, 6, 5, 28, 27, 2, 20, 13, 10, 19, 15, 17, 22, 15, 25, 0, 7, 30, 29, 4, 3, 26, 12, 21, 18, 11, 
25, 31, 10, 28, 13, 19, 20, 13, 3, 23, 16, 9, 31, 6, 1, 24, 7, 26, 29, 4, 18, 11, 12, 21, 22, 15, 8, 17, 7, 30, 25, 0, 
8, 18, 21, 12, 26, 3, 4, 29, 30, 7, 0, 25, 15, 22, 17, 8, 19, 10, 13, 20, 2, 27, 28, 5, 6, 31, 24, 1, 23, 14, 9, 16, 
17, 21, 6, 24, 22, 27, 17, 25, 13, 11, 1, 29, 12, 0, 11, 15, 25, 16, 17, 14, 21, 5, 18, 9, 24, 9, 0, 12, 1, 20, 0, 10, 
12, 10, 8, 28, 22, 5, 30, 3, 5, 7, 20, 14, 17, 1, 3, 2, 14, 21, 29, 22, 10, 8, 11, 15, 24, 7, 14, 11, 25, 4, 3, 26, 
20, 4, 17, 1, 24, 19, 31, 15, 10, 31, 7, 27, 5, 27, 27, 1, 9, 30, 20, 6, 25, 2, 17, 3, 23, 19, 10, 8, 9, 6, 16, 17, 
25, 9, 15, 19, 3, 23, 0, 6, 8, 29, 8, 3, 24, 12, 0, 25, 23, 24, 22, 5, 24, 10, 12, 20, 4, 14, 4, 16, 11, 31, 24, 1, 
13, 14, 11, 21, 4, 3, 17, 0, 0, 1, 20, 3, 7, 5, 16, 14, 29, 27, 10, 0, 5, 0, 20, 18, 6, 15, 14, 7, 6, 3, 7, 22, 
10, 8, 3, 12, 12, 20, 25, 7, 9, 26, 1, 4, 9, 0, 2, 30, 16, 15, 6, 1, 3, 11, 14, 19, 17, 9, 7, 23, 1, 24, 31, 6, 
9, 22, 8, 15, 25, 0, 11, 9, 10, 21, 28, 7, 26, 3, 0, 21, 31, 1, 4, 9, 9, 8, 6, 24, 17, 22, 15, 28, 11, 19, 20, 13, 
15, 30, 2, 21, 3, 14, 9, 16, 14, 7, 8, 20, 13, 27, 28, 5, 14, 7, 10, 25, 15, 22, 17, 8, 2, 18, 21, 12, 26, 3, 4, 29, 
9, 30, 14, 9, 10, 0, 19, 31, 15, 23, 26, 31, 26, 2, 3, 21, 17, 8, 12, 29, 4, 4, 5, 7, 0, 13, 6, 3, 4, 6, 3, 16, 
16, 12, 4, 11, 23, 5, 3, 10, 27, 8, 2, 8, 5, 9, 13, 24, 16, 0, 0, 4, 5, 14, 14, 21, 20, 14, 23, 17, 5, 30, 25, 0, 
25, 5, 16, 29, 31, 9, 27, 5, 5, 24, 21, 11, 1, 11, 14, 19, 5, 13, 5, 15, 15, 4, 1, 30, 12, 11, 27, 26, 8, 21, 18, 11, 
26, 6, 7, 15, 19, 23, 2, 22, 19, 29, 1, 18, 6, 29, 26, 3, 18, 27, 23, 31, 13, 16, 23, 14, 27, 20, 19, 10, 28, 5, 2, 27, 
1, 11, 23, 8, 14, 2, 16, 23, 6, 5, 15, 13, 15, 10, 10, 20, 30, 17, 8, 12, 3, 17, 10, 25, 24, 2, 9, 29, 12, 18, 21, 12, 
19, 11, 10, 0, 23, 30, 8, 17, 0, 2, 12, 21, 3, 26, 29, 4, 31, 6, 1, 24, 0, 23, 16, 9, 1, 19, 20, 13, 27, 2, 5, 28, 
5, 23, 5, 1, 25, 18, 12, 26, 29, 13, 14, 30, 27, 17, 22, 15, 0, 13, 29, 19, 6, 28, 27, 2, 28, 24, 31, 6, 16, 9, 14, 23, 
15, 5, 6, 27, 10, 20, 19, 10, 9, 16, 23, 14, 24, 1, 6, 31, 4, 29, 26, 3, 21, 12, 11, 18, 17, 8, 15, 22, 0, 25, 30, 7, 
31, 30, 0, 28, 5, 30, 3, 24, 17, 15, 20, 1, 12, 5, 25, 1, 30, 11, 15, 4, 0, 11, 10, 8, 31, 26, 16, 9, 19, 7, 1, 25, 
24, 7, 23, 26, 29, 23, 17, 4, 21, 9, 15, 0, 16, 15, 8, 17, 10, 8, 5, 13, 26, 2, 2, 28, 19, 12, 6, 24, 14, 23, 16, 9, 
14, 0, 7, 10, 29, 20, 19, 15, 14, 6, 1, 5, 10, 31, 3, 26, 8, 27, 0, 6, 0, 11, 12, 23, 0, 3, 9, 19, 5, 28, 27, 2, 
23, 26, 11, 14, 2, 8, 12, 31, 28, 5, 2, 27, 13, 20, 19, 10, 17, 11, 7, 22, 9, 25, 30, 7, 15, 29, 26, 3, 21, 12, 11, 18, 
24, 16, 19, 4, 15, 8, 11, 13, 30, 3, 14, 0, 24, 8, 4, 29, 6, 4, 11, 0, 24, 14, 5, 16, 10, 10, 13, 20, 2, 27, 28, 5, 
17, 10, 10, 9, 6, 10, 17, 24, 30, 6, 5, 28, 9, 19, 20, 13, 22, 15, 8, 17, 7, 30, 25, 0, 12, 26, 29, 4, 18, 11, 12, 21, 
23, 12, 7, 2, 0, 13, 15, 19, 15, 23, 14, 23, 1, 24, 31, 6, 14, 11, 3, 26, 12, 21, 18, 11, 8, 17, 22, 15, 25, 0, 7, 30, 
4, 28, 11, 18, 4, 29, 26, 3, 0, 25, 30, 7, 17, 8, 15, 22, 29, 20, 19, 10, 28, 5, 2, 27, 24, 1, 6, 31, 9, 16, 23, 14, 
2, 22, 6, 31, 22, 18, 15, 11, 18, 2, 0, 6, 11, 3, 2, 27, 12, 8, 1, 7, 15, 12, 28, 22, 25, 12, 5, 18, 13, 29, 26, 3, 
27, 23, 25, 15, 11, 0, 7, 30, 17, 5, 7, 26, 4, 21, 18, 11, 6, 9, 5, 23, 1, 24, 31, 6, 9, 28, 27, 2, 20, 13, 10, 19, 
14, 10, 0, 4, 5, 7, 10, 21, 30, 11, 2, 17, 14, 30, 25, 0, 3, 1, 13, 28, 4, 19, 20, 13, 3, 23, 16, 9, 31, 6, 1, 24, 
13, 7, 8, 20, 0, 27, 28, 5, 3, 31, 24, 1, 23, 14, 9, 16, 24, 18, 21, 12, 26, 3, 4, 29, 30, 7, 0, 25, 15, 22, 17, 8, 
26, 7, 14, 3, 18, 19, 11, 18, 8, 15, 11, 22, 0, 25, 30, 7, 11, 5, 2, 27, 26, 20, 19, 10, 9, 16, 23, 14, 24, 1, 6, 31, 
15, 13, 3, 19, 5, 28, 27, 2, 1, 24, 31, 6, 16, 9, 14, 23, 14, 21, 18, 11, 29, 4, 3, 26, 25, 0, 7, 30, 8, 17, 22, 15, 
17, 6, 9, 24, 27, 23, 16, 9, 15, 19, 20, 13, 27, 2, 5, 28, 10, 30, 25, 0, 22, 15, 8, 17, 18, 11, 12, 21, 3, 26, 29, 4, 
11, 22, 17, 8, 30, 7, 0, 25, 26, 3, 4, 29, 11, 18, 21, 12, 23, 14, 9, 16, 6, 31, 24, 1, 2, 27, 28, 5, 19, 10, 13, 20, 
13, 23, 18, 1, 5, 11, 0, 7, 20, 22, 19, 9, 22, 24, 19, 25, 10, 17, 23, 16, 0, 12, 24, 13, 8, 10, 5, 13, 9, 15, 14, 28, 
7, 11, 8, 25, 27, 25, 8, 14, 22, 1, 7, 0, 21, 10, 9, 20, 31, 17, 4, 1, 27, 13, 30, 25, 18, 3, 15, 29, 7, 18, 21, 12, 
6, 16, 7, 27, 19, 18, 24, 25, 3, 16, 1, 15, 3, 0, 11, 31, 6, 0, 21, 3, 28, 1, 14, 18, 8, 12, 5, 22, 0, 25, 30, 7, 
25, 30, 27, 28, 7, 16, 5, 26, 25, 16, 10, 30, 13, 17, 22, 15, 11, 26, 8, 19, 15, 28, 27, 2, 7, 24, 31, 6, 16, 9, 14, 23, 
18, 15, 31, 23, 28, 16, 13, 1, 5, 30, 0, 27, 13, 8, 6, 24, 20, 4, 29, 10, 14, 9, 10, 21, 1, 4, 7, 17, 4, 30, 25, 0, 
21, 25, 12, 2, 20, 3, 10, 29, 16, 11, 0, 25, 15, 22, 17, 8, 14, 10, 14, 20, 13, 27, 28, 5, 12, 31, 24, 1, 23, 14, 9, 16, 
15, 22, 24, 4, 4, 10, 11, 22, 3, 1, 8, 18, 7, 29, 26, 3, 11, 8, 25, 31, 5, 16, 23, 14, 3, 20, 19, 10, 28, 5, 2, 27, 
12, 27, 13, 23, 0, 24, 31, 6, 31, 28, 27, 2, 20, 13, 10, 19, 6, 17, 22, 15, 25, 0, 7, 30, 29, 4, 3, 26, 12, 21, 18, 11, 
15, 6, 25, 16, 19, 13, 22, 15, 5, 3, 25, 9, 3, 13, 20, 30, 12, 8, 11, 2, 24, 11, 6, 19, 7, 29, 4, 23, 4, 24, 31, 6, 
13, 23, 9, 19, 19, 26, 2, 27, 18, 14, 14, 31, 4, 16, 23, 14, 0, 28, 9, 18, 27, 29, 26, 3, 13, 25, 30, 7, 17, 8, 15, 22, 
11, 5, 27, 1, 10, 3, 20, 16, 0, 27, 9, 20, 7, 27, 28, 5, 30, 10, 3, 25, 18, 22, 17, 8, 17, 18, 21, 12, 26, 3, 4, 29, 
16, 13, 3, 17, 1, 30, 25, 0, 18, 26, 29, 4, 18, 11, 12, 21, 5, 23, 16, 9, 31, 6, 1, 24, 27, 2, 5, 28, 10, 19, 20, 13, 
12, 19, 9, 6, 17, 20, 4, 23, 0, 0, 7, 19, 13, 28, 27, 2, 30, 3, 7, 30, 15, 17, 22, 15, 10, 21, 18, 11, 29, 4, 3, 26, 
15, 8, 15, 22, 6, 25, 30, 7, 4, 29, 26, 3, 21, 12, 11, 18, 9, 16, 23, 14, 24, 1, 6, 31, 28, 5, 2, 27, 13, 20, 19, 10, 
1, 15, 14, 29, 2, 18, 21, 12, 8, 22, 17, 8, 30, 7, 0, 25, 2, 27, 28, 5, 19, 10, 13, 20, 23, 14, 9, 16, 6, 31, 24, 1, 
7, 19, 20, 13, 27, 2, 5, 28, 31, 6, 1, 24, 14, 23, 16, 9, 18, 11, 12, 21, 3, 26, 29, 4, 7, 30, 25, 0, 22, 15, 8, 17, 
14, 31, 12, 11, 4, 1, 26, 12, 19, 8, 1, 6, 0, 5, 6, 23, 10, 5, 22, 14, 13, 2, 10, 26, 5, 9, 7, 30, 4, 17, 22, 15, 
12, 20, 4, 3, 6, 2, 5, 18, 17, 10, 15, 22, 23, 25, 30, 7, 1, 0, 12, 27, 3, 20, 19, 10, 11, 16, 23, 14, 24, 1, 6, 31, 
7, 2, 31, 9, 30, 1, 4, 25, 1, 13, 20, 29, 11, 18, 21, 12, 23, 1, 0, 16, 6, 31, 24, 1, 2, 27, 28, 5, 19, 10, 13, 20, 
6, 24, 1, 24, 15, 23, 16, 9, 7, 19, 20, 13, 27, 2, 5, 28, 4, 30, 25, 0, 22, 15, 8, 17, 18, 11, 12, 21, 3, 26, 29, 4, 
2, 14, 9, 15, 11, 6, 22, 30, 7, 12, 0, 26, 12, 21, 18, 11, 16, 18, 1, 23, 8, 24, 31, 6, 6, 28, 27, 2, 20, 13, 10, 19, 
22, 1, 6, 31, 9, 16, 23, 14, 10, 20, 19, 10, 28, 5, 2, 27, 2, 25, 30, 7, 17, 8, 15, 22, 21, 12, 11, 18, 4, 29, 26, 3, 
21, 1, 13, 20, 4, 27, 28, 5, 9, 31, 24, 1, 23, 14, 9, 16, 10, 18, 21, 12, 26, 3, 4, 29, 30, 7, 0, 25, 15, 22, 17, 8, 
14, 26, 29, 4, 18, 11, 12, 21, 22, 15, 8, 17, 7, 30, 25, 0, 27, 2, 5, 28, 10, 19, 20, 13, 14, 23, 16, 9, 31, 6, 1, 24, 
21, 9, 3, 12, 25, 4, 2, 24, 2, 10, 24, 28, 10, 19, 20, 13, 16, 14, 8, 17, 23, 30, 25, 0, 2, 26, 29, 4, 18, 11, 12, 21, 
16, 7, 6, 25, 13, 22, 17, 8, 25, 18, 21, 12, 26, 3, 4, 29, 18, 31, 24, 1, 23, 14, 9, 16, 19, 10, 13, 20, 2, 27, 28, 5, 
0, 4, 20, 18, 21, 29, 26, 3, 3, 25, 30, 7, 17, 8, 15, 22, 3, 20, 19, 10, 28, 5, 2, 27, 24, 1, 6, 31, 9, 16, 23, 14, 
18, 28, 27, 2, 20, 13, 10, 19, 16, 9, 14, 23, 1, 24, 31, 6, 29, 4, 3, 26, 12, 21, 18, 11, 8, 17, 22, 15, 25, 0, 7, 30, 
8, 11, 12, 21, 3, 26, 29, 4, 4, 30, 25, 0, 22, 15, 8, 17, 0, 19, 20, 13, 27, 2, 5, 28, 31, 6, 1, 24, 14, 23, 16, 9, 
5, 27, 28, 5, 19, 10, 13, 20, 23, 14, 9, 16, 6, 31, 24, 1, 26, 3, 4, 29, 11, 18, 21, 12, 15, 22, 17, 8, 30, 7, 0, 25, 
9, 16, 23, 14, 24, 1, 6, 31, 28, 5, 2, 27, 13, 20, 19, 10, 17, 8, 15, 22, 0, 25, 30, 7, 4, 29, 26, 3, 21, 12, 11, 18, 
25, 0, 7, 30, 8, 17, 22, 15, 12, 21, 18, 11, 29, 4, 3, 26, 1, 24, 31, 6, 16, 9, 14, 23, 20, 13, 10, 19, 5, 28, 27, 2, 
# End of <32,32,32,32,32> / 14    WOM-code.
# Rsum = 1.785714
# Rfix = 1.785714
