# WOM_finder solution for a <562,86>/11 code
#
# Sum rate = 1.414608
# The 2048 symbols listed below are mapped to code words that are the binary representation of the 0-based index in the table.

 222, 202, 288, 385, 460, 377, 192, 133, 440, 487, 459, 394, 453, 542, 150, 462, 333, 129, 236,  94, 170, 154, 550, 451, 241,  88, 251,  27, 366, 148,   1,  28,
 295, 479,  33, 557, 262, 252, 360, 465, 155, 206, 208,  83, 299, 387, 431,   7, 445, 353, 515, 183, 428, 485, 539,  74, 547,  32, 441,  24,  44,  55,  70,  20,
 327,   4, 486, 184, 106, 257, 318, 331, 483,  90, 313, 505,  87, 223, 314,  21, 461, 467, 278, 518, 346,  66, 275,  81, 417, 378, 345,  13,  38,  32,  76,  25,
 522, 286, 420, 240, 534, 374, 432,  76, 410, 178, 389,  51, 337,   6,  13,  39,  36, 231, 511,  26, 399,  20,  37,  51, 519,  74,  62,  52,  53,  42,  32,  67,
 493, 120, 249, 393, 413, 373, 367,  60, 157, 195, 126, 434, 326,  39, 392,  55, 259, 191, 117, 239,  46, 317, 397,  57, 108, 319, 294,  32, 329,  53,  62,  49,
 138, 556, 121, 185, 162, 502,   5,  11, 512, 426, 187,  25, 424,  77,  54,  73, 456, 244, 312,  26, 535,  60,  67,  10,  18,  62,   0,   7,  67,  30,  42,   2,
 362, 558, 290, 217, 332, 348,  50,  34, 450, 101,  10,   4, 343,  55,  26,  16, 497, 510, 541,  37, 232,   3,  56,  40, 472,   9,  72,  31,  43,  75,   3,  68,
 334,  47, 336,  66,  51,  20,  55,  47, 306,  75,  64,  12,  47,  40,   5,  69,  80,  73,  33,  19,  52,  64,  63,  31,  78,   4,  16,  81,  36,   5,  74,  79,
 384, 197, 235, 398, 491, 161, 229,  91, 369, 477, 552,  65, 144, 364, 124,   9, 142, 321,  15, 354,  25, 176,  56,  57, 490, 221, 243,  51, 310,  16,  12,  11,
 237, 198, 464,  76, 140, 125, 143,  41, 525,  45, 287,  82, 430,  16, 231,  12, 344, 482, 134,  47, 131,  47, 394,  44, 180,  63,  27,  36,  80,  59,  47,  69,
 145, 282, 499, 536,  89,  31, 553,  32, 203, 501, 105,  79, 416,  26,   4,  44, 423, 422,  14,  24,  64,  28,   9,   4, 164, 186,  67,  36,  50,  60,  30,  22,
 193,  37, 284,   8, 175,  39,   1,  54,  81,  56,  80,  42,  72,  27,   0,  31, 356,  63,  76,  41,  34,   4,  36,  49,  54,  21,  12,  33,   4,  19,  75,  78,
 402, 473, 425, 342, 132, 149, 303,  13, 540, 276,   2,  29, 406,  78,  54,  27, 214,  62, 228,   2, 435,  60,   3,  33, 484,  69,   3,  67,  44,  13,  52,  85,
 177,  63, 226,  35,  71,  78,  71,  21,  42,  64,  62,  22, 187,  28,  10,  40, 549,   8,  13,  22, 297,  40,  55,  24,  53,  61,  66,  73,  41,  70,  20,  43,
 114, 242, 469,  38, 494,  17,  37,  39, 446,  14,   0,  56,  18,  10,  70,  63, 468,  26,  23,  32,  20,  43,  74,  10,  25,  49,  47,   5,  38,  59,  49,   8,
 100,   2,   1,  13,  44,  73,  60,  62,  41,  36,  24,  32,  34,  66,  68,  57,  79,  23,  30,  59,  56,  75,  61,   0,   9,  27,  85,  39,  26,  76,   7,  65,
 205, 110, 507, 258, 296,  54, 457, 449, 324, 182,  92, 433, 172, 429, 213,  48, 351, 415, 166, 204, 181,  11, 524,  55, 401, 115, 544,  11, 527,  65,  44,  70,
  82, 113, 224, 372, 230, 227, 341,  42, 293, 207, 361, 274, 448,  65,   8,  71,  95,  40, 273,  77, 311,  76,  30,  83, 289,  52,  48,  61,  54,  21,  10,  25,
 136, 339, 517, 308, 551,  55, 167,  59, 545, 509, 559,  24, 283,  13,  67,  33, 246, 500, 474, 238, 264,  37,  59,  47,  70,  31,  71,   8,  47,  33,  81,  34,
 427, 498, 179,  40,  26,  49,  44,  64, 215,   5,  49,  77,  12,  36,  83,  63, 165,  60, 153,   3,  62,  31,  60,  73,  19,  59,   5,  38,  70,  18,  45,  50,
 396, 147, 280,  16, 463, 153, 123,  25, 438, 141, 358,  45, 340,   9,  50,  67, 419, 380, 436,  64,  59,  62,  70,  15,  68,  59,  70,  60,   6,  74,  17,   4,
 168, 261,  24,  35, 379,  28,  50,  63,  12,  40,  83,  37,  77,  66,  79,  32, 201,  43,  40,  33,  13,  44,  52,  59,  62,  17,  47,  78,  75,  15,  16,  80,
 458, 386, 298,  29,  49,  45,  57,   9, 247,  49,  25,  17,  78,  44,  39,   3, 274,  38,  22,  71,  80,  19,  79,  24,  39,  16,  64,  43,  18,  28,  12,  51,
 418,  38,  49,  21,  42,  16,  80,   8,  13,  72,  30,  61,  17,  70,  38,  18,  38,  37,  81,  83,   3,  77,  25,   7,  20,  34,  66,  15,  68,   0,  69,  14,
 128, 495, 220, 521, 109, 122, 357,  79, 212, 163, 135,  21, 561,  77,  41,  16, 173, 151, 529,  34, 520,  60,  51,  45,  78,  25,  79,   4,  54,   3,  80,  74,
 442, 158, 309,  24, 560,   0,  39,  60, 104,  76,  12,  81,  78,   8,  51,  49, 466,  42,   7,  27,  50,   9,   8,   3,  25,  20,  33,  37,  83,  73,  22,  75,
 382, 444, 496,  37,  17,  27,  57,  71, 455,  38,   3,  78,  49,  12,  56,   5, 391,  16,  78,  35,   8,  77,  38,  52,  50,  45,  41,  19,   5,  14,  10,  62,
  93,  81,  18,  73,  34,  83,  24,  10,  61,  62,  47,  67,  39,  35,  11,  28, 182,  56,  13,  65,  63,  13,  16,  80,  36,   9,  35,  64,  74,  48,  55,  29,
 323, 376, 538,  38,  75,  26,   2,  49,   3,   2,  15,  35,  60,  50,   8,  47, 355,  17,  62,  77,  78,  41,  76,  28,  61,  12,  24,  13,  38,  35,  48,  82,
 530,  83,  67,  66,   3,  11,   7,  27,  67,  48,  69,  11,  45,   4,  13,  30,  75,   3,  57,  79,  35,  74,  17,  32,  43,  85,  39,  71,  63,  51,  37,  72,
  53,  41,  50,  40,  62,  31,  64,  76,  65,  79,  22,  77,  15,  68,  71,  81,  22,  27,  43,  56,  39,  21,  33,  61,  52,  40,  34,  55,  85,  30,  11,   1,
  55,  78,  45,  17,  37,  50,  15,  36,   8,  31,  54,  26,  56,  25,   9,  23,  18,  47,  42,  20,  66,  54,  19,  53,  83,  57,  60,   6,   2,  58,  82,  84,
 513, 405, 452, 256, 269, 103, 504, 130, 254, 234, 268,  34, 407, 555,  74,  16, 156, 190,  86, 107, 291,  20,  52,  64, 359, 218, 388,  43, 265,   4,  71,  76,
 506,  48, 302,  41, 112, 316, 270,  25, 470, 347, 471,  55,  19,  51,  12,   4,  85, 233,  99,  73, 305,  37,  58,  33, 328,  80,  61,  84,  70,  65,  69,  13,
 488, 443, 209, 315, 395,   8,  98,   6, 255,  28, 322,  29, 301,  73,  55,  60, 335, 403, 375,  99,  21,  63,  58,  19, 516,   3,  74,  59,  34,  12,  24,   5,
 304, 409, 210,  78, 307,  21,   7,  81,   6,  30,  80,  36,  73,  74,  64,  10, 514,  64,  47,  32,  84,  59,  76,  23,  74,  47,  22,   8,  80,  44,  63,   9,
 508, 194, 532, 363, 266, 263, 281,  78, 119, 338,  23,  43, 186,  12,  84,  28, 475, 447, 478,  58, 554,  59,  51,  32,  69,  51,  72,  23,  29,  55,  58,  47,
 253, 383, 171,  58, 523, 538,  51,  82, 188,  72,  55,  59,  25,  61,  44,  70,  79,  57,  20,  42,   2,  74,  39,   1,  23,  82,  59,  21,  12,  63,  78,  66,
 267, 404, 245,   8, 102,  77, 328,  82, 325,  14,  62,  81,  18,  31,  53,   2, 320,  79,   7,  52,  57,  72,  44,  17,  38,  82,  26,  33,  70,   6,  13,  30,
  57,  84,  61,  24,  36,  30,  72,  26,  66,  55,  39,  67,   0,  68,   8,  49,   7,  43,  34,  11,  60,   0,   6,  28,  55,  20,  29,  40,   1,  11,  19,  35,
 279, 300, 225, 146,   0, 370, 189,  67, 238, 160,  29,  49, 297,  67,  53,  10, 199,  22,  43,  20, 480,  51,   8,  14, 412,  41,  62,  76,   0,  23,   9,   6,
  58,  67, 368,  20, 481,   8,  25,  73,  84,   0,  82,  14,  72,  64,  36,  32, 139,  66,  52,   7,   6,  27,  11,  62,  11,  35,  18,  58,  85,  75,  23,  60,
 196, 127, 411,   9, 211, 365,  62,  84, 548,  51,  76,  82,  78,  41,  36,  47,   9,  51,  33,  21,  57,  74,  79,  70,  20,  85,  81,  70,  39,  53,  18,  72,
 437,  77,  83,  72,  63,  57,  42,  34,  22,  61,  69,   5,  20,  54,  14,  15,  22,  42,  54,  65,  19,  82,  10,  55,   5,  73,  56,  16,  30,  31,  15,  17,
 543, 492, 381,  29, 219,   6,  63,  30,  97,  12,  30,  32,  14,  21,  75,  24, 537,  66,  55,  61,  76,  53,  80,  37,   2,   4,  79,  40,  74,  84,  22,  25,
 371,  27,  47,  49,  54,  42,  57,   7,  18,  47,   8,   4,  49,   1,   6,  79,  30,  69,  29,  16,  85,   9,  64,  18,  12,  78,  75,  54,  39,  52,  33,  38,
 454,  26,  23,  58,  55,  76,   1,  51,  65,  34,  12,  78,  79,  80,  67,  64,  64,  85,  78,  18,  29,  16,  41,  27,  56,  19,  57,  80,  68,  37,  61,  83,
  39,  23,   2,  60,  16,  13,  66,  56,  26,   9,  63,  53,  69,  29,  58,   3,  53,  36,  84,  25,   8,  14,  81,  48,  43,  13,  51,  50,  62,  71,  77,  45,
 352, 174, 285, 421, 292, 118, 216,   8,   7,  72, 111,  28, 200,  76,  68,  51,  96,  73,  61,  79,  30,  80,   6,  21,  35,  62,  52,  67,  71,  74,   0,  78,
 528, 414, 260, 342, 349,  50,  13,  80, 476,  35,  42,   0,  63,  45,  24,  47, 159,  35,  79,  51,  11,  36,  84,  16,  60,  13,  11,  12,   3,   6,   7,  53,
 503, 546, 137,  16, 152,  62,  72,  38, 365,  39,  68,  79,  28,  50,  80,  31, 531,  37,  14,  60,  37,  36,  39,  17,  80,  84,  23,  58,  52,  14,  64,  77,
 408,  55,  13,  45,   9,  76,  30,  58,  12,  83,  34,  71,  53,  82,  81,  37,  26,  19,  18,  82,  65,  72,  33,  85,  78,  23,  72,   4,  16,  61,  20,  57,
 250, 248, 400,  84, 489,  30,  45,  79,  13,  53,   7,   9,  51,  48,  29,  58, 116,  52,  45,  24,  45,  23,   3,  71,  79,  77,  33,  10,  43,  10,  60,  40,
 271,   2,  15,  64,  71,  17,  66,   6,   7,  39,   2,  69,  61,  83,   1,  62,  37,  65,   0,  55,  26,  73,  23,  29,  48,  49,  30,   3,  64,   8,  49,  56,
  77,  64,  81,  61,  63,  57,  68,  13,   6,  21,   5,  47,  25,  38,  15,  65,  51,  29,  38,   2,  34,  78,  55,  74,  45,   5,  67,  48,  19,  26,   9,  54,
  18,  63,  71,  31,  15,   1,  10,  32,  29,  42,  37,  73,  84,  60,  48,  85,  17,  66,   8,  62,  83,  39,  43,  75,  65,  25,  36,  76,  50,  22,  27,  41,
 277, 533, 350,  71, 390,  70,  64,  28, 272,  70,  45,   8,  63,  30,  35,  59, 169,  11,  47,  33,   0,  57,  18,  58,  38,  47,  55,  22,  48,  27,  59,  39,
 526,  21,  60,  54,  14,  84,  74,  35,   9,  54,  58,  48,  44,  69,  50,  61,  41,  59,  74,  23,  62,  78,  54,  63,   8,  77,  65,  83,  42,  28,  67,  26,
 330,  57,  83,   8,  45,   9,  50,  25,  55,  53,  84,   7,   8,  65,   6,  11,  61,  34,  19,  81,  44,   3,  26,  49,  75,  32,  32,   0,  76,  56,  13,  66,
  77,  14,  56,  39,  41,   6,   0,  85,  36,   7,  25,  27,  75,  18,  70,  43,  52,  76,  24,  30,  25,  38,  71,  68,   3,  69,  37,   1,  51,  79,  40,   2,
 439,  65,  43,  39,  18,   2,  10,  44,  78,  27,  71,  57,  12,  17,  11,   0,  84,   8,  25,  15,  79,  43,  26,  50,  16,  29,  85,  18,  70,  64,  82,  36,
  29,  73,  62,  13,  80,  37,  83,  77,  66,  16,  17,  41,  53,  55,  76,  19,  61,  45,  80,   9,   1,  20,  65,   5,   0,  15,  14,  68,  57,  81,  31,  34,
  56,  35,   0,  72,  60,  28,  29,  14,  30,  62,  48,  75,  72,   4,  16,  20,  13,  59,   3,  31,   6,  15,  35,  69,  17,  60,  53,  63,  23,   7,  73,  42,
  54,  82,  79,  51,  64,  40,  78,  22,  35,  80,  38,  74,   5,  33,  59,  52,  72,  11,  58,  70,  47,  67,   4,  12,  49,  10,  28,  44,  32,  24,  21,  46
# End of WOM_finder solution for a <562,86>/11 code
