# WOM_finder solution for a <378,685>/13 code
#
# Sum rate = 1.383246
# The 8192 symbols listed below are mapped to code words that are the binary representation of the 0-based index in the table.

 297, 219,  98, 151, 363, 204, 235, 312, 101, 242, 239, 357, 323,  42, 224,  26,  57, 109, 352,  30, 111, 306,   8, 540,  84, 144, 195, 631,  48, 639, 231, 209,
 262, 207,  94,  26, 198, 353, 333, 570, 210, 255, 230, 144,  77, 499,  56, 496, 127, 137, 107, 489, 356, 662, 594, 517, 281, 200, 154,  45, 409, 332, 290, 254,
 143,  95, 354, 225, 248,   1, 317, 205, 114, 296, 171, 458,  55, 579, 396,  76,  83, 123, 213,  74, 155,  47, 600, 480, 201, 229, 239, 457, 300, 352, 277, 413,
 295, 175,  58, 617,  87, 608, 582, 179, 128, 513, 109,  87, 264, 594, 677, 508, 304, 242,  47, 250, 274, 407, 316,  38, 664, 555, 153, 445, 282, 172, 318,  22,
 138,  63,  21,  16, 117, 150, 339, 403,   0, 154, 211,   2,  14, 600, 256, 549,  71,  49, 282, 594,  64, 385, 138, 358, 247, 325, 100, 478, 169, 160, 525, 340,
  10, 342, 120,  63, 331, 643, 169, 334, 165, 415, 143, 228, 416,   6, 623,  42,  19, 181,  78, 612, 675, 286, 152, 529, 460, 474, 567,  56, 311, 272,  48, 461,
 373, 316, 300,   8, 332, 614, 329,  90, 131, 243, 518,  82, 507, 247, 480,  47, 108, 463, 660, 669, 330, 680, 452, 136, 475, 541, 496, 595, 648, 246, 517, 250,
 293, 108, 187, 371, 308, 330,  31,  14, 410,  82,  88, 274, 141, 150, 103, 299, 528, 383, 259, 382, 608, 107, 647, 404, 424, 572, 616, 278, 316, 589, 468, 207,
 327, 153, 161, 231,  15, 183, 185, 389, 140, 227, 159, 629, 310, 221, 445, 268, 119,  31, 371,  61, 145, 163, 165,  30, 284, 669, 446, 325, 635, 446, 251, 525,
  33, 319, 260, 344,  65, 324, 451,   4, 192, 678, 264,  23, 449, 606, 149,  55, 179, 452,  58, 548,  91, 198, 523, 553, 436, 535, 210, 174, 274, 147, 684,  36,
  82, 330, 104, 541, 345, 663,  60, 109,  51,  87, 225, 457, 668, 339, 478, 342,  35, 653,  69,  94, 374, 571, 120, 638, 121, 544, 358,  80, 527, 183, 117, 184,
  89, 123, 345, 203,  79, 421, 365, 163,  12, 146, 517, 407, 406, 470, 511,  50, 549, 354, 603, 584, 677,  55, 623, 151, 171,  98,   5, 131, 299, 222, 453, 604,
  66, 362,  29, 430, 301, 629,  56, 561, 318, 163, 681, 232, 541, 189, 385, 310, 177, 270, 563, 504, 639, 640, 680, 114, 518, 584, 164, 294, 622, 414, 122,  43,
  28,  67,   9, 428, 545, 636, 457, 336, 159,  71, 533, 343, 350,  17, 512, 243, 185, 662, 506,  74, 234, 516, 645,   1, 650, 504, 510, 621, 548, 364, 136,   8,
  90, 370, 362,  13, 376, 258, 138, 573, 680, 259, 240, 617,   6, 300, 298, 149,  46, 233, 602, 659, 477, 338, 541, 313, 358, 348, 521, 606, 542, 679, 437, 497,
 364, 555,  37, 268, 255, 669, 325, 356, 160, 635, 242, 462, 238, 380, 655,  64, 482, 285, 542, 171, 343, 122,  87, 192, 158, 594, 288, 628, 615, 199, 212,  11,
  54, 351, 156,  17, 337,  73,  62, 445, 313, 365, 314, 133, 106, 465,  51, 175, 346, 103, 374, 207, 311, 380, 364, 284, 280, 406, 372, 409, 208, 260, 257, 238,
 302, 246, 221, 311,  93,  63, 531, 569, 214, 344,  41, 616, 389, 103, 527, 580, 272, 506, 164, 298, 569, 121,  58,  46, 285, 549, 413, 306, 205, 303, 487, 357,
 102, 126,  37, 365, 134, 149, 294, 546, 309, 189, 498, 357, 133, 256, 539, 164, 216, 126, 411, 360, 288, 642, 677, 362, 497,  23, 505, 473, 408, 224, 281, 393,
 268, 280, 546, 591, 258, 169, 149, 511,  23, 302, 470, 454, 394, 160, 438, 231, 583, 558, 432, 449, 518, 516, 209, 218, 307, 209, 137, 336, 457, 475, 547,  48,
 202, 170,  40, 572, 215, 663, 138, 574, 245, 631, 470, 358, 175, 409,  69, 270, 209,  24, 676, 226,  32,  38, 205, 229, 369, 652, 469, 671, 653, 646,  41, 132,
 158, 642, 372, 211, 170,  65, 595, 582, 180, 229, 409, 353, 648, 593,  15,  18, 389,  83, 100,  90, 407, 206, 224, 523, 418, 204, 680, 604, 405, 267, 355, 300,
  43,  90, 684, 205, 540, 175,  11, 333,  48, 419, 542, 275, 652, 274,  94, 187, 569, 419, 495,  15, 321, 257, 292, 513,   2,  27, 670,  44, 370, 662, 636, 293,
 230,  81, 530, 676, 542, 453, 421, 343, 499, 218, 152, 155, 485, 534, 504, 640, 177, 364,  36, 659,  10, 524, 476, 430, 558, 111,  89, 165, 603, 544, 610, 446,
  59,  39,  11, 451,  96, 341, 153, 104, 270, 369, 211, 357, 471, 337, 346,  86,  69, 236, 591, 614, 363, 554, 564, 315, 562, 388, 418, 561, 580, 668, 657, 470,
 241, 626, 602, 563, 136, 481, 348, 636, 539,  58, 105, 392, 491, 526, 647, 154, 207, 181, 291, 508, 409, 469, 133, 463, 465, 257, 169, 128, 625, 385, 435, 328,
 187, 520, 429, 678, 323, 562, 601, 383, 195, 276, 329,  96, 529, 111, 185, 416, 293, 592, 517, 433, 326, 280, 277, 528, 582, 682,  74, 672, 671,  60, 515, 472,
 622, 351, 393, 240, 111, 432,  10, 159,   4, 334,  83, 320, 278, 290, 286,  28, 158, 363, 275, 136, 558, 424, 559,  67, 401, 500, 566,  29, 243, 213, 679, 317,
 364, 531, 154, 486, 191, 505, 498, 374, 556, 131, 625, 684, 463, 677, 127, 476, 495, 240, 518, 365, 244, 578, 332, 479, 237, 179, 584, 607, 154, 642,  27, 624,
 338,  30, 646, 589,  92,   9,  62, 522, 342,  86, 500, 401, 607, 247, 629, 558,  64, 114, 343, 473, 533, 176,  86, 410, 426, 553, 496, 250, 380, 129, 351, 488,
 177, 632, 594, 327, 519, 117, 358,  22, 426, 655, 623, 425, 417, 119, 236, 161, 466,  22, 541, 557, 621, 266, 350,  76, 415, 523, 167, 322, 528, 181, 359, 661,
 362, 203, 226,  80, 428, 419, 181, 474, 529, 493, 326,  99,  85, 249, 284, 135, 345, 420, 257, 431,  81, 451, 481, 465, 593, 337, 414, 102, 600, 261, 673, 347,
 115, 375, 253, 315, 141, 218,  76, 282, 256, 121, 244, 140, 341, 327, 470, 562, 368, 174, 220,  47, 279,  43, 482, 465, 149, 311, 253, 665, 592, 558,  76,  74,
 266,   7, 347, 684,   6, 573, 341, 605, 349, 361, 100, 610, 209, 587, 113, 541,  36, 224, 270, 159, 574, 409, 123, 256, 367, 413, 589, 568, 521, 145, 141, 387,
  72, 361, 197, 440, 358, 387, 290, 286, 243, 231, 558, 438, 296, 481, 401, 309, 340, 656, 338, 635, 672,  41, 217, 368, 667, 205, 656, 436, 131, 516,  13, 178,
 105, 661, 488, 512, 331,  58,  30, 313, 421, 358, 579, 499, 579, 193, 456, 195, 380, 153, 390, 201, 606, 622, 102, 175, 682, 392,  58, 217, 303, 561, 373, 177,
 303,  78, 322, 122, 181, 380, 246, 440,  56, 227, 595, 423, 408, 312, 123,  97, 162, 135, 591, 407, 485,  29, 396, 497, 281, 140, 578,   5, 501, 245, 206, 386,
 299, 628, 677, 193,   9, 232, 545, 526, 161, 520, 426, 285, 646, 244,  47, 486, 187, 113, 325, 559, 175, 401, 415,  65, 624, 661, 447, 395, 252, 437, 247, 225,
 146,  46, 549, 518, 629, 577, 314, 633,  60, 553, 159, 547, 327, 411, 571, 684, 136, 432, 328, 276, 422, 262, 619, 615, 247, 128,  90,  69, 651, 353, 348, 653,
 653, 347, 680, 452, 136,  31, 328, 672, 122, 465, 300,  67, 568, 674, 627, 323, 280, 643,  85, 454, 375, 502,   2, 611, 470,  37, 224, 477, 436, 173, 598, 374,
 194, 232, 325, 464, 217, 579, 648, 577, 234, 545, 629, 450, 535,  43, 163, 384, 135, 378, 648, 594, 182, 497, 500, 519, 638, 254, 391, 248,  63, 158, 384, 674,
  80,  36, 136, 568, 238, 358,  63, 512, 210,  46, 627, 235, 459, 226,  71, 239, 272, 298, 465, 387, 477, 386, 315, 375, 286,  70,  45, 576, 423, 266, 431, 211,
  99, 374, 579, 403, 585, 224, 106, 428, 137, 387, 453, 317, 447, 422,  53,  38, 591, 414, 621, 316,  82, 531, 657, 632, 493, 566,  85, 466, 225, 510, 304, 427,
 281, 113, 563, 221,  46, 187, 279, 446,   4, 585, 318, 549, 631, 682, 455, 262, 372, 227, 597, 506, 475, 416, 236, 210, 567, 528, 462, 655, 433,  39, 483, 633,
 112, 359, 522, 517, 508, 274, 363, 253, 604,  71, 513, 416, 279, 407, 523, 176,  11, 121, 389, 143, 445, 139, 261, 267, 309, 332, 215, 583, 644, 614, 213,  96,
 566, 208, 208, 663, 293, 178, 224, 525, 499, 236, 639, 150, 143, 563, 561, 281, 100, 541, 336, 592, 569, 355, 376, 580, 324, 146, 545, 350, 362, 625, 418, 241,
 504, 421, 310, 458, 212, 500, 408, 482, 306, 607, 504, 226, 465, 142, 403,  75, 572, 147, 163, 100, 540, 129, 280, 652, 193, 316, 474, 312, 344, 336,  19, 308,
 678, 145, 528, 399, 333, 543, 547, 215, 497, 644, 189,  44, 394,  91, 596, 442, 645, 404, 243, 475, 670, 491, 683, 560, 232, 396, 524, 397, 301, 532,  15, 666,
   3,  86, 100, 154,  18, 166, 249, 528,  45, 439,  27, 628, 166, 517, 497, 523, 298, 422, 646,  87, 491, 571, 162,  51, 354, 429, 635, 615, 680, 283, 406, 301,
 152, 554, 419, 564, 640, 165, 548, 634, 143, 393, 603, 174, 489, 360, 385,  62,  60, 582, 201, 662, 605, 610, 332, 264, 133, 172, 498, 113, 547, 136, 170, 504,
   5,  11, 393, 103, 232, 397, 420, 515, 288, 567, 161, 232, 650,  99, 212,  17, 493, 161, 227, 283, 413, 497, 216, 398, 314, 282, 601, 476,  40, 272, 463, 645,
 673, 458, 191, 663, 506, 641,  49, 444, 252, 118, 550, 259, 275, 463, 336, 451, 468, 241,  28, 405,  75, 358,  32, 376, 642, 240, 246, 459, 372, 184, 471, 125,
 233, 245,  78, 550, 522, 519, 184, 120, 160, 382, 231, 301, 317, 107, 159, 475,  98, 399, 349,  31, 443, 577,  25, 158, 262,   6, 179, 319, 528, 187, 423, 417,
 263, 144, 483, 216,  38,  51,  43, 326, 294, 548, 541, 365,  11,  90, 632, 222, 244, 370, 103, 479, 651, 408,  74,  71, 442, 451, 422, 667, 495, 473,  40, 297,
  30,  83, 148, 587, 462, 304, 488, 553, 105, 281, 334, 209, 298, 538, 398, 366,  78, 453, 252, 539, 258, 439, 395, 378, 508, 445, 639, 146, 139,  67, 331, 556,
 355, 201, 507, 478, 235,  48, 562,  97, 617, 561, 315, 637,  36, 268, 260, 223, 164,  75, 382, 309, 256, 291, 363, 296, 427, 100, 661, 600,  70, 533,  61, 271,
 223, 506, 562, 383, 684, 491, 177,  69,  53, 625, 591, 595,  29, 156, 496, 397, 422, 609, 684,  98, 281, 538, 653,  45,  63, 326, 611, 377, 665, 228, 444, 419,
 262, 389, 476, 422, 323, 591, 230, 414,  55, 679, 572, 440, 270, 377, 340, 277, 421,  87, 561, 261, 513, 681, 659, 478, 358, 310, 335, 660, 352, 621, 493, 617,
 579, 133, 173, 631, 374, 102, 180, 285, 221, 480, 202, 160,  14,  27,  39, 643, 165, 151, 294, 547, 120, 473, 155,  81,  50,  37, 545, 138, 655, 612, 461, 152,
 633, 426, 497, 255, 589, 456, 228, 665, 498, 139,  56, 114, 294, 373, 283, 190, 251, 356,  55,  77, 242, 530, 551, 353, 626,  97, 129,  34, 338, 186, 245, 124,
 322, 181, 600, 390, 502, 251, 317, 173, 178,  88, 546, 634, 421, 195, 671, 413,   0, 192,  42, 493, 155, 648,  73, 227, 394, 597, 181, 171, 286,  89, 454, 511,
 603,  17, 162, 274,  98,  94, 576, 345, 429, 202, 108, 254, 611, 546,  87, 278, 196, 647, 487, 439, 455, 557, 344, 658, 543, 517, 484, 379, 507, 302, 400, 292,
 195, 350, 347, 229, 128, 619, 276, 307, 244, 534, 435, 200, 235, 536, 140,  79, 480, 127, 573,  48, 161, 275, 324,  95, 253, 641, 141, 555, 132, 551, 574,  52,
 392, 523, 531, 413, 486, 172, 402, 137, 677, 598, 106, 112, 370, 297, 460, 490, 331, 185, 681, 675, 534,  54, 450, 220,   6, 408, 341, 258, 174, 623, 101,  33,
 277,  52,  85, 166, 208, 307,  75, 287, 257, 229, 167,  56, 182,  69, 109, 288, 116, 286,  81, 251, 157, 390, 397, 594, 249, 644, 125, 248, 212, 558, 149, 310,
  12, 129,  46, 564, 252,  46, 224, 160, 283, 189, 496,  80, 478, 452, 443, 147, 251,  85, 269, 640, 410, 164,   1, 144, 436, 424, 582, 325,  77, 360,  37, 234,
 240,  13, 125, 344, 258, 474,  56, 632, 189, 360, 479,  95, 673, 241, 496, 590, 278, 338, 647, 185, 309, 203, 325,  93, 451, 664, 568, 582, 313,  86, 602, 304,
 335, 402, 416, 121,  25, 351, 256,  63, 309, 279, 611, 535, 473, 242, 681, 341, 613, 108,  97, 562, 569,  30, 639, 448, 242, 187, 364, 169,   7,  49, 106, 560,
  32, 265, 334, 430,   9, 530, 397, 102, 160, 680, 212, 247, 442, 359, 451, 296, 308, 639, 309, 595, 610,   2, 651, 379, 138, 441, 121, 341, 206, 369, 508,  79,
 259, 308, 631, 587, 372, 418, 540, 344, 192, 499, 673, 340, 209, 568, 290,  75, 675, 341, 539, 635, 407, 431,  27, 141, 644, 613,  98, 163,   5, 294, 208, 514,
 348, 636, 539, 332, 644, 441, 104,  61, 247, 119, 452, 574, 612,  95, 466,  78, 558, 410,  96, 530, 490, 234, 416, 327, 611, 108, 260, 380, 398,  96, 345,  32,
 244, 139, 189, 272, 142, 675, 567, 261, 422, 682, 676, 634, 604, 224, 447, 456, 648,  52, 663, 684, 459, 493, 333, 301, 339,  57, 312,  86, 551, 195,   4, 237,
  25, 326, 124, 517, 163, 656, 316,  81, 264, 473, 152, 464, 227, 263, 142, 326, 267, 141, 286, 308, 314, 449, 174, 589, 213, 283, 598, 109, 396, 139, 546, 103,
 274, 393, 466, 622, 105, 137,  22, 140, 178, 506, 645, 132, 135, 549, 616, 352,  22, 430, 480, 389, 434, 486, 246, 225, 605, 546,  62, 591, 269,  44, 652, 244,
 190, 345,  58, 571,  76, 579, 503, 634, 118, 510, 629, 382, 353,  58, 491, 424,  58, 510, 200, 143, 406, 398, 640, 110, 558, 376, 484, 578, 432, 302, 172, 311,
 427,  93, 568, 290, 363, 339, 642, 588,  26, 175, 653, 652, 499, 212,  93, 232, 617,  15, 380, 422, 169, 243, 498, 283,  47, 226, 155, 270, 576, 218, 595, 176,
 328, 458, 436, 647, 473,   4, 538, 558, 135, 330, 272, 605, 316, 513, 572, 230, 359,  24, 211, 318,  73, 228,  14,  71, 447,  60, 183, 259,  82, 590, 607,  20,
  80, 607, 453, 681, 659, 276, 421, 519, 131,  42, 665, 480, 563, 386, 312, 158, 194, 326,  84, 161,  44, 527, 186, 440, 240, 165, 632,  53, 584,  38, 419,  25,
 286, 454, 179, 177,   1, 311, 435, 295, 262, 475, 449, 364, 650, 516,  18, 615, 441, 409,   7, 562, 285, 665, 522, 402, 533, 114, 614, 442, 397, 395, 337, 420,
  12, 289, 403, 218,  47, 606, 117, 116, 200, 235, 175, 251, 344, 291, 591, 469,  94, 525,  72, 556, 400, 436, 264,  70, 155, 346, 392, 253,  56, 429, 367, 193,
 136, 294, 289, 141, 133, 211, 365, 541, 176, 414, 380, 479, 366, 563, 309, 166, 370, 647, 278, 209, 394, 205, 539, 169, 544, 154,  97, 398, 256, 285,  55, 173,
 147, 406, 349, 278, 470, 158, 491, 650, 348, 458, 337,  11, 570, 197, 236, 664, 290, 133, 531, 583,  79, 296, 500, 183, 591, 631, 628, 527, 222, 276, 214, 262,
 261, 530, 398, 636,  55, 328, 113, 345, 666, 589, 671, 350, 550, 587, 352,  50,  65, 352, 106, 440, 187, 163, 445, 514, 286,  25, 475, 378,  15, 619, 486,  36,
 516, 596, 563, 171, 266, 270, 122, 269, 486, 145, 238, 415, 385,  94, 646, 637, 269, 328, 320, 601, 684,  72, 494, 128,  76, 167, 626, 110, 221, 638, 400, 648,
 291, 621, 628, 223, 364,  37, 659, 481, 671,  14, 610, 638, 477, 232, 579,  71, 628, 641, 411,  80,  68, 281, 422, 213, 373,  85, 462, 156, 263, 303,  22,  63,
 418,  83, 243, 653, 169, 550, 549, 617, 556, 139, 357, 669, 338, 665, 602, 339,  67, 306, 354, 469, 526, 253, 654,  61, 330, 466, 388, 437, 454, 143, 177, 178,
 232, 359,  56, 427,  46, 645,  51, 670, 171, 518, 376,   1, 672, 396, 217, 227, 300, 141, 665,  30, 498,  92, 244, 527, 633, 254, 173, 186, 482, 137,  28, 444,
 441, 192, 654, 404, 159, 500, 517, 239,  99, 287, 512,  49, 595, 319, 651, 622, 348, 236,  29, 214, 529, 566, 197, 428, 557, 588, 417,  40, 488, 545, 592,  84,
 343,  73, 167, 386, 169, 370, 429, 418, 562, 684, 135, 401, 501, 293,  46, 422, 516, 240, 430, 633, 220, 614, 346, 245,  62, 514,  57, 461, 469, 541, 522, 487,
 293, 611, 337, 596, 433,  37, 379, 364, 604, 570, 269, 425, 485, 641, 235, 518,  90, 662, 295, 513, 152, 190, 624, 573, 479, 367, 339, 474, 632, 574, 420, 542,
  65, 595, 391, 392, 249, 267,  90, 409, 268, 527, 230, 294, 460, 430, 619,  24, 197, 483, 521, 291, 584, 255,  23, 195, 298, 537, 468, 421, 287, 676, 151, 586,
 266, 531, 371,  38, 438, 640, 132, 620, 332,  45, 397, 583, 306, 282, 205, 361, 123, 642, 484, 524, 572,   6, 156,  42, 381, 196, 127, 543, 387, 599, 654, 148,
 284, 592,  25, 581, 389, 226, 578, 262, 167, 321, 426, 197, 315, 639, 571, 548, 163, 559, 104, 368, 301,  75, 119, 611, 571, 309, 569, 491, 669, 378,  37, 438,
 430,  88, 160, 459, 268, 450, 495, 579, 137, 184, 407,  85, 211,  19, 280, 535, 395, 381, 237, 416, 102, 145,  50, 608, 372,   1, 636, 162, 448, 117,  65,   0,
  69,  82, 508,   2, 304, 194, 319, 544, 138, 612, 246, 123, 222, 356, 553, 567, 401, 341, 116,  89, 139, 536, 531, 221, 677, 411, 405, 142, 103,  91, 357, 201,
 394, 576, 396, 217, 456, 666, 146,  41, 150, 105, 374, 234,  97, 223, 107, 412, 363, 581,  13, 279, 310, 369, 425, 388, 478, 511, 635, 390, 365, 104, 252,  66,
 324, 212, 110, 493,  91, 319, 450, 272, 178, 511, 626, 681, 319, 411, 274, 119, 377, 141, 555, 624, 307, 300, 161, 502,  43,  55, 548, 460, 603, 401, 479, 506,
 360,   6, 161, 351, 529, 273, 474, 142, 282, 329, 268, 260, 273, 250, 507, 187, 644, 177, 202, 233,  78, 324, 515, 350, 669, 269, 276, 231, 553,  32, 163, 550,
  22, 516, 326, 360, 105, 419, 306, 293, 684, 236, 258, 183, 644, 352, 409, 610, 478, 207, 310, 295, 559, 646, 442, 490, 594, 500, 293, 590, 421, 464, 536, 538,
 394, 336, 372, 592, 600, 141, 602, 214, 132, 647, 393, 291, 563, 483, 513, 267, 312, 239, 207, 116, 137, 370, 385, 281,  50, 399, 346, 491, 524, 539, 518,  88,
 180, 366, 614, 234, 471, 189, 365, 192,  38, 578, 500, 184, 300, 284, 285, 279, 291, 644, 672, 487, 634, 548, 236, 414, 603, 226, 679, 496, 183, 448, 299, 588,
 296, 504, 309, 612, 212,  59, 295, 572, 261,  64, 214, 316, 615,  85, 493, 171, 577,  81, 299,  62, 556, 531, 642,   7, 516, 211, 355,  94, 606, 681, 389, 449,
 418,  76,  88, 533, 619, 429, 268, 155,  80, 292, 158, 642, 303, 129,   8,  55, 303, 179, 106, 662, 604, 549, 225, 167, 426, 202, 458, 646, 571, 152, 643,  12,
 163, 284, 331, 303, 340, 354, 401, 585, 420, 439, 423, 629, 185, 334, 414, 257, 273,  91,  56, 205,  18, 445, 550, 546,  49, 125, 461, 314, 326, 582,  83, 219,
 226,  38, 388, 458,  30, 299, 639,  73, 389, 433, 286, 322,  15, 160, 343, 156, 635, 392, 603, 626, 451,  85, 564, 514, 639,   7, 102,  83, 647,  11,  67, 662,
 213, 225, 148,  65, 312, 367, 319, 516, 475, 299,  14, 207,  90, 537, 482, 515, 217, 204, 435, 664, 567, 673, 345, 522, 634, 221, 452, 370,  41, 280, 526, 403,
   6, 438, 400, 141, 398, 416, 530, 278, 436, 273, 628, 166, 494,  45,  42, 334, 410, 288, 105,  31, 565, 675, 535, 393, 681, 457, 112,  90,  29,   5, 365, 356,
 269, 223, 418, 194, 570, 629, 248, 332,  57, 110, 143, 376, 645, 246,  72, 165,  39, 238, 486, 212, 167, 508, 598, 470, 151, 419, 330, 406,   0, 162,  92, 554,
 223, 478, 353, 538, 617, 488, 679, 318, 302, 590, 308, 648, 266, 205, 555, 439, 518, 462, 403, 574, 273,  69, 453, 128, 529, 428,  63, 482,  13,  47,  36, 306,
 368, 530,   8, 152,  81, 379, 532, 650,   2,  12, 668, 373, 544, 315, 203, 249, 591, 402, 329,  43, 457, 667, 658, 154, 631, 111, 438, 321, 328,  26, 637, 601,
 390, 149, 451,  26, 385, 211, 411, 263, 186, 525, 606, 257, 592, 342, 594, 264, 589, 322, 255, 673, 468, 568, 107, 677, 391, 293, 498, 354, 583, 452, 366,  59,
 609, 597, 545, 230,  53, 348, 321, 569, 323, 670, 473, 463, 313, 325, 335, 509, 507,  27, 471, 481,  60, 627,  77, 170, 265, 455, 386,  68, 229, 109, 383, 492,
 366,  58, 286, 571, 478, 567, 174, 591,  96, 420, 216, 149, 244, 237,  49, 410, 345,  20, 221, 210, 291, 624, 402, 263, 359, 486, 200, 296, 466, 666, 377, 290,
  15, 121, 325, 512, 460, 132, 215, 186, 377, 102, 396, 508, 480, 590, 369, 566, 414, 142, 553, 228, 652, 679, 638,  14, 650, 259, 613, 677, 432, 453, 329, 131,
 396,  36, 133, 466, 273, 110, 116,  96, 601,  81, 603, 330, 177, 668, 136, 614,  15, 610, 407, 375, 302, 190,  78, 578,  69, 671, 322, 462, 350, 572, 210, 265,
  45, 652, 293, 323, 639, 574, 129, 314, 274, 579, 361, 482, 477, 598, 457, 494,  80, 315, 558, 657, 415, 294, 519,   9, 431, 674,  38, 284,  17, 112,  82, 565,
 511, 487, 281, 645, 154, 148, 193, 680, 392, 539,  43,  57, 479,  44, 589, 676, 441,  62, 619, 457,  42, 389, 602, 532, 684, 608, 535, 203,  19, 346, 557, 434,
 200, 421, 335, 436, 581, 462, 406, 209, 251, 310, 356, 240, 230,  78, 150, 105, 373, 514, 120,   4, 521, 480, 530, 625, 376, 562, 360,  73, 499, 288, 196, 586,
 638, 280, 616, 295, 647,  29, 160,  60, 495, 278, 128,  93, 332, 144,  23, 520, 513, 632, 410, 543, 360, 573, 581, 238, 409,  54, 464, 605, 121, 251, 391, 153,
 226, 593, 156, 242, 657, 552, 172,  98, 683,  72, 599, 381, 605, 362, 368, 678, 338, 219,  64, 282, 564, 231, 135, 118, 216, 433, 311, 618, 123, 371, 233, 630,
 378, 588, 187, 119, 341, 396,  94, 351, 177, 470, 227, 399,  60, 387, 384, 533, 604, 307, 362, 250,  91, 405, 194, 616,  56, 287, 172, 667, 241, 217,  58, 348,
 154, 488, 103, 455, 404, 127,  27,  31, 466, 653, 672, 432, 253, 248, 189, 179, 352, 382, 334, 363, 426, 309, 146, 472,  54, 676, 108, 342,  88, 320, 144, 180,
 233, 189, 158,  39, 369,  51, 274, 596, 290, 423, 382,  41, 407, 159,  99, 359, 248, 563, 259, 617,  89, 138, 448, 343,  98, 454,  61, 324, 119, 164, 147, 199,
 449, 659, 285, 120, 556, 664, 502, 300, 149, 224, 537, 122, 203, 680, 272, 505,  11, 200,  24, 552, 263, 318, 669, 447, 458, 277, 651, 206, 351, 191, 198,  35,
 642, 472, 165,   9, 474, 404, 560, 394, 682, 304, 224, 674, 464,  70,  76, 521, 375, 246, 398, 175, 637,  18, 239, 631, 247, 622, 340, 471,  80, 660,  17, 289,
 629,  50, 197, 380, 353, 329, 626, 298, 445, 417, 276,  13,  24, 441, 307, 182, 204,  79,  30, 427, 593, 384, 612, 501,  46, 483,  92, 540, 424, 134, 609, 115,
 682, 564, 520,  28, 603, 613, 270, 415, 169,  23,   4, 213, 331, 140, 372, 467, 585, 174, 599, 668, 663, 333, 166,  16, 437, 327, 385, 683, 549, 570,  21, 575,
 628,  19, 577, 477,  63, 510, 183, 489, 519, 580, 620, 656, 113, 443,  20, 305,  93, 672, 184, 485, 208, 349,  34, 188, 506, 503,  10, 157, 126,   3, 168, 649,
 188, 336, 376, 142, 359, 132, 338, 671, 205,  70,  41, 545, 199, 343, 140, 350, 372, 350,  67, 518, 305, 409, 177, 679,  38, 162, 264, 651, 677, 400, 611, 302,
  88, 271, 275, 171, 269, 439, 161, 224,   4, 250, 294, 489, 272, 516, 499, 129, 367, 380, 592, 602,  47, 579,   6, 239, 493, 678, 649, 152, 251, 102, 474, 569,
  61, 191,  47, 479, 355, 217,  65, 667, 168, 677, 212, 414, 666, 558, 112, 485, 288, 206, 251, 540, 649, 454,  60, 326, 633, 365,  23, 684, 582, 185, 136,  71,
 237, 504, 341, 165, 482, 676, 420,   3,  38,   4, 115,  83,  11, 322, 397, 501, 327, 624, 596, 103,  65, 681, 631, 145, 236, 471, 340, 334, 535, 252, 188, 419,
 273, 193, 173, 168, 238, 612, 414, 231, 222, 292, 131, 160, 453, 549, 637, 503, 321,  19, 529, 342, 229, 532,  85, 648, 674, 387, 638, 210, 341, 318, 496, 634,
 130, 252, 231, 574, 478, 227, 432, 236, 533, 170, 229, 257,  67,  79,  76, 262, 660, 327, 131, 246, 642, 406, 544, 179, 288,  92, 549, 611,  97, 351, 519, 111,
   2, 507, 601, 376, 300, 621, 407, 365, 123, 251, 645, 531, 670, 592, 448, 195, 233, 310, 683, 379, 305,  52,  25, 232,  71, 223, 117, 306, 205, 559, 551, 500,
 238, 666,  64,  19,  69, 506, 593,  95, 143, 326, 348, 282, 211, 206, 366,  46, 284, 498, 574, 625, 395, 180, 242, 393, 545, 675, 553, 510, 573, 609, 402, 283,
  24,  44, 122, 139, 263, 666, 601, 329,  53, 419, 649,  54, 257, 365, 332, 178, 184, 262,  91, 187, 256, 262,  61, 400, 159, 373, 158, 635, 385, 481, 343, 137,
 344, 543, 359, 463, 397,  60, 681, 600, 567, 162, 209, 111, 138,  16, 486,  14, 596, 189, 365, 634, 673, 305, 665, 372, 164, 646, 177, 368,  80, 230,  85, 484,
 276, 213, 419, 154, 239, 653, 383,  27, 473, 665,  89, 682, 546, 114, 543, 128, 541, 186,  99, 566, 183, 300,  32, 443, 118, 660, 533, 572, 173, 199, 234, 583,
 411, 122, 166, 440, 598, 617, 200, 257, 274,  56,  82, 546, 217, 304, 119, 233, 459, 614, 123, 134, 619,  20, 524, 228, 630, 662, 349, 182, 328, 203, 669, 293,
  97, 168, 416, 653, 257, 211, 296, 577, 432, 473, 595,  37, 589, 607, 515, 217, 243, 649,   2, 633, 387, 554,  67, 301, 604, 173, 342, 198, 147, 480, 618, 587,
 510, 400, 592, 498, 157,  75, 266, 433, 270, 277,  94, 145,  49, 363, 261,  34, 454, 582, 223, 449, 198, 140, 570, 207, 489, 508, 629, 191, 150, 422, 467,  81,
 353, 488, 184, 439, 684, 392, 513, 616,  17, 372, 393, 260, 283, 647, 118, 522,   0, 219, 673, 155, 206, 272, 278, 105, 407, 180, 115, 125,  35, 178,   9,  98,
 115, 371, 594, 565, 628, 144, 213, 280, 152, 142, 279, 385, 526, 389, 539, 360,  70, 205,  65, 435, 226, 651, 656, 605, 575, 437, 235, 355, 531,  73, 309, 564,
 254, 206, 196, 646, 236, 174, 541, 560,  23, 245, 239, 641, 680, 241, 573, 287,  74, 109, 146, 632, 263, 684, 253, 208, 648, 120, 410,  75,  42, 188, 442, 543,
  27, 325, 172, 300, 369, 193, 153, 459, 680, 307, 373, 400, 222,  47,  17, 668, 286, 665, 558, 252, 640, 119, 268,  94, 196, 580, 671, 184, 186, 299, 444, 240,
  34, 649, 148, 177, 556, 600, 593, 492, 213, 186, 653,  31, 541,  41, 665, 246, 545, 436, 126, 678, 604, 433, 405, 385, 343, 548, 422, 598, 530, 631, 594, 647,
 184, 560, 175, 625, 418, 486, 225, 173, 180,  26, 284, 156, 466, 244, 682, 354, 301, 330, 571, 520, 431, 350, 560,  21, 223,  16,  63, 575, 138, 509, 105, 139,
  79, 342, 601, 146, 290, 668, 432, 331, 594, 276, 282, 329, 264, 254,   8, 192, 280, 662, 657,  55, 298, 400, 681, 157, 539, 395, 397, 286, 107, 489,  75, 126,
 224, 175, 173, 591, 637, 332, 390, 198, 171, 525, 475, 566, 386, 226,  60, 615, 206,  96, 557, 359, 385, 378, 270, 641, 639,  77,  56, 362, 249,  64,  96,  68,
 136, 475,  54, 602, 313,  18, 134, 224,  58,  55, 505, 252, 253, 454, 410, 440,  89, 677, 589, 201,  97, 468, 548,  58, 170, 198, 268, 244, 312, 447, 436, 483,
 380, 495, 540, 609, 301, 508, 135, 106,  50, 573,  62, 208, 449, 164, 606, 632, 383,  10, 133, 443, 553, 414, 479, 189, 554, 183, 361, 338, 193, 333, 304, 248,
 172, 428, 309, 641, 394, 516, 256, 652, 594, 193, 580,   3, 519, 362, 102, 176, 213,  50, 121, 223, 543, 505, 370, 484, 606, 511,  99, 383, 220, 233, 160, 345,
 485, 209, 324, 308, 195, 645,  51, 618, 525, 421, 442, 531, 367, 267, 403, 436, 619, 429, 544, 467, 231,  70, 187, 509,  37, 232,  40, 499, 296, 235, 424, 683,
 574, 376, 238,   6, 533,  61, 356, 444,  11, 115,  88, 343, 341, 667, 628, 349,   0, 491, 487,  28, 127, 354, 390, 250, 262, 569, 396, 510, 392, 460, 274, 168,
  60, 195, 379,  10, 445, 488, 227, 386, 471,  69,  97, 207, 109, 659, 322, 612, 232, 587, 611, 378, 478, 368, 141, 196, 163, 568, 501, 637, 520, 342, 456, 143,
  80,  45, 676, 403, 462,  35,   3, 472, 312, 319, 677, 253, 206, 651, 560,  83,  38, 472, 386, 230, 225, 630, 245, 113, 277, 351, 417, 579, 421,  51, 672, 603,
  53, 572, 521, 233, 649, 190, 163, 391, 320,  44, 316, 447, 450, 118, 299, 562, 617, 432, 203, 593, 334, 482, 341,  82, 576, 311, 461, 530, 679, 314, 568, 458,
 611, 110, 264, 422,  13, 495, 418,  71,  40, 255, 492, 221, 563, 158, 165, 344, 397,  43, 642, 452, 442, 159, 503,  88,   5, 550, 290, 519, 276, 329, 219, 552,
 650,  92, 294, 556, 318, 470, 306, 536, 565, 472, 247, 121,  30, 457, 663, 398, 151, 629,   8, 281, 325, 154, 162, 464, 513, 149,  14, 263, 289, 166,  59, 273,
 164, 292,  50, 400, 148, 432, 112, 252, 113, 653,  13, 270, 590, 652, 544, 462, 320, 532, 683, 622, 650, 662, 517,  91, 350, 666, 175, 120, 667,  44,   3, 122,
 228, 649, 414,  11, 452, 469, 362, 264, 178, 614, 460, 530, 396, 152, 155, 450, 447, 669,   3, 533, 274, 223, 170, 457, 483, 168, 616, 189, 354, 608, 104,  31,
 329,  81, 682, 416, 212, 187, 640, 681, 129, 461, 463, 106,  55, 673, 258, 656, 184, 338, 508, 461, 596, 281, 249, 182, 238,  65, 150, 468, 189, 474, 388, 498,
 302, 336, 425,  96, 202, 261, 370, 595, 224, 651, 496, 218, 536, 507, 643, 493,  34, 463, 572, 427, 152, 527, 300, 121, 499,  61, 433, 344, 122, 410, 215,  19,
 285, 159, 276, 311,  58, 183, 281, 665, 280, 210, 362, 224, 645,  36, 680, 202, 141, 674,  44,  36, 310, 309,  55, 515, 485, 247, 437, 375, 481, 505,  18, 148,
 355, 554,  17, 107, 439, 677, 205, 546, 387, 140, 332, 673, 608, 290,  86, 349, 669, 467, 237, 424, 419, 538, 555,  86, 453, 431, 406, 512,  99, 165, 628, 421,
 165,  94, 141, 393, 190, 544, 473, 490, 232, 543, 457,  35, 521,  34, 532, 191, 318, 638,  54, 110, 501,  82, 210,  27, 310, 175, 657, 180, 188, 103, 462,  50,
 403,  60, 185, 129, 625, 683,  79, 477, 246, 192,  43, 327, 155,  66, 289,  21, 678, 376, 150, 134, 243, 218, 635, 466, 672,  41, 305, 119, 230, 620, 668,  24,
 139,  79, 383, 282, 631, 436, 290, 435, 591, 318, 682, 184, 598, 498, 392,  84, 346, 114, 432, 642, 311, 174, 596, 399, 337, 489, 326, 305, 324, 458,  22,  92,
 474, 291, 366, 640, 240, 576, 517, 582, 564, 263, 555, 335, 502, 618, 473, 157, 563, 373, 443, 680, 322, 176, 571, 646, 260, 370,  66,  60, 529, 348, 407, 415,
 519, 539, 439, 585, 182, 104, 368, 396, 345, 603, 186, 589, 548, 478, 255, 609, 624, 286, 479,   0, 268, 384, 677,   6, 375, 675, 647, 153, 241, 253, 314, 208,
 504,  62, 289, 550, 172, 575, 231, 471, 600, 535,  16, 674,  96, 538,  73, 503, 147,   1, 113, 323, 389, 359, 244, 521, 125,  63,  77, 319,  69, 307, 371, 581,
 394, 533, 283, 161, 351, 610, 424, 597, 419, 470, 423, 654,  19, 410, 550, 669, 540, 360,  37, 617, 556, 252, 298,  46, 135, 520, 577,  58, 117, 131, 222, 620,
 604, 580, 158, 409, 326, 387,  89, 164, 208, 296, 491, 469, 337,  45, 121, 404, 629, 412, 455, 507,  32, 160, 520,  23, 268, 565, 201, 429, 390, 123, 265, 599,
 229,  39, 239, 548, 630, 424, 447, 126,  83, 486, 116, 302, 530, 177, 333, 169, 356, 420, 505, 445,  84, 506, 151, 558, 584,  14, 334, 608, 112, 654, 451, 381,
 128, 379, 636, 234, 117, 148, 288, 586, 477, 562, 574, 331, 642, 388, 384, 638, 146, 290, 607,  38, 179, 518, 676, 287, 579,  76, 622, 369, 361, 156, 658, 197,
  60, 519, 373, 480,  46, 213, 438, 267, 203,  85, 365,  61, 169, 533, 103, 452, 103, 525, 274, 163, 246, 589, 302, 334, 278, 574,  11, 513, 157, 372, 357, 236,
 281, 243,   6,  37, 403,  68,   4, 338, 325, 423, 158,   9, 356, 672, 200, 402, 386, 491, 486, 598, 489, 460,  89, 322, 573,   5,  67, 213, 467, 382,  16, 485,
 635, 676, 146, 621, 683, 331, 617, 382,  31, 442, 549, 280,  47, 171,  28, 170, 355, 640, 164, 104, 625, 226, 312,  56, 154, 514, 569, 107, 239, 230, 585, 325,
 187, 293, 350, 500, 107, 399, 526,  76, 144, 112, 242,  65, 604, 137, 345, 310, 566, 585, 324, 278, 234, 225,  29, 335, 556, 524,  91,  20, 159,  13,  90, 321,
  45, 418, 506, 442,  14, 133, 443, 635, 572, 403,  98, 109, 149, 622,  70, 316, 471, 492,  35, 102, 543, 356, 259, 392, 263, 405, 480, 636, 478,  30, 234, 212,
 351, 239, 227,  91,  22,   2, 575, 420, 306, 668, 374, 188, 518, 383, 624, 644, 500,  69,  22, 128, 470, 328,  41, 251, 318, 315, 228, 430, 488, 217, 563,  80,
 236, 190, 115, 261,  65, 129, 171, 599, 272, 417, 649, 389, 415, 163, 491,  92, 348, 412,  66, 482, 557, 143, 579, 203, 577, 294, 644, 481, 172, 591, 487, 367,
 191, 372, 262,   0, 483, 131, 320, 529, 671, 511, 660,  25, 619, 147, 364, 428,  23,  47, 169, 394,  99, 438, 142, 537, 323,  42, 377, 570, 279, 626,  26, 194,
 612, 332, 312, 474,  79,  66, 482, 371, 663,  38, 386, 127, 646, 240, 508, 229, 388, 605,  34, 296, 280, 270, 360, 276, 559, 368, 409, 126, 492, 502, 288, 425,
 626,  24, 410, 418, 131,  83, 354, 237, 454, 630, 104, 631, 569, 153, 353, 592, 420, 584, 376,  54, 541, 462, 381, 453, 681, 183, 226, 135, 142, 366, 542, 411,
  98, 660,  84,  62, 384, 430, 134, 243, 337,  49, 518, 179, 615,  25, 266, 132, 609, 216,   3,  43, 205,  53, 667, 401, 475, 449, 652, 249,  94,   4,  36, 303,
 636, 118,  46, 645, 315, 540, 426, 624, 455, 684, 357, 298, 597, 391, 522, 108,  25, 264, 193, 639, 313, 306, 412,  12, 360, 211, 363,  78, 140,  15,   1, 441,
 615, 566, 293, 225, 193,  56, 180, 117, 436,  82, 544, 495, 409, 426, 433, 466, 525, 209, 565, 284, 618,  20, 307,  49, 300,  84, 678, 610, 656, 105, 291,  72,
 119, 272, 605, 545, 532, 186, 216, 539, 659, 169, 238, 205, 359, 259, 311, 167,  85, 177, 319, 567, 199, 595, 109, 330, 148, 265, 308, 494, 583, 116, 110,  93,
 479, 606, 314,  63,  17, 416, 449, 406, 277, 501, 120, 340, 554, 657, 582, 204, 365, 231, 174, 144,  68, 237, 469, 339,   9, 380, 285, 650, 200, 214, 664, 269,
 425, 549, 670, 648, 627, 221, 282, 346, 452, 571, 527, 448, 578, 601, 514,   7, 586, 138,  39, 352, 427, 535, 590,  57, 614, 602, 516, 434, 634, 295, 588, 613,
 250, 287, 186, 374, 203, 543, 386, 628, 290, 651, 128, 648, 461, 482,  20, 649,  68, 428, 522, 662, 353, 643, 461, 514, 136, 463, 558, 661, 105,  82, 376, 349,
 369, 457, 325, 315, 356, 205, 184, 683, 533, 420, 213, 372, 572, 366, 614, 217, 189,  50, 223, 101, 319, 100, 328, 672,  36, 481, 559, 601, 443, 330, 465, 359,
 118, 306,  76, 172,  70, 457, 374, 157, 493, 404, 613, 208, 376, 655, 340, 220, 453,  67, 311, 609, 434, 458, 645, 516,  93, 501,  33, 141,  14, 555, 116, 259,
 169, 347,  65, 211, 447, 548, 589, 446, 278, 156,  60, 295, 623, 289, 660, 530,  46, 268, 272,  48, 536, 526, 680, 551, 480, 489, 504, 254, 575, 467, 336, 650,
  92,  70, 234, 613, 181,  38, 345, 380, 622, 436, 278, 396, 244, 406, 147, 370, 230, 415, 517, 541, 163, 562, 354, 164, 161, 672, 220, 346, 605, 268, 284, 491,
 436, 575, 488, 293, 545, 263, 518, 353, 598, 460, 499, 365, 247, 392, 470,  15, 677,  35, 570,  58, 462, 208, 441, 200, 647, 561, 401, 159, 108, 656, 258, 571,
 112,  56, 293, 400, 465, 462, 523, 115, 311,  85, 203,   4, 333, 540, 631,  44, 306, 670,  15, 486,  80, 267,  91, 478, 457, 389, 448, 280, 617, 184, 682, 432,
  98, 480, 138, 664,  72, 240,  33, 291, 269, 401, 548, 411,  16, 110, 186, 174, 524,  20, 167, 578, 355, 652, 409, 505, 421, 361,  74, 307,  63, 298, 144, 426,
 200,  92, 293, 129, 424, 655, 535, 107, 415,  94, 281, 388, 306, 237, 360, 475, 158, 656, 447,  56, 522, 261, 140, 266, 583, 588, 642, 465, 415, 592, 537, 319,
 516, 242, 271,  98,  41, 566,   3, 226, 363, 414, 521, 438, 517, 603, 402,  96, 224, 119, 431, 490, 683, 602, 591,  76, 463, 416,  87, 118,   0,  23, 613, 520,
 503, 242, 270, 500, 567, 550, 152, 236, 508, 310, 211,  34, 458, 288, 570, 292, 129, 102, 179, 106, 160, 574, 230, 189, 246, 194, 205, 271, 678, 445, 338, 563,
 241,  85, 592, 677, 324, 622, 251,  21,  93, 356, 296, 214, 280, 285, 253, 408, 282, 468, 297, 460, 177, 466, 259, 580, 255, 621, 625, 600, 379, 450, 610, 394,
  68, 289, 569, 183,  98, 256, 478, 175, 530, 541, 549, 537,   2,  57, 565, 485, 500, 251, 350, 470, 539,  90, 626, 471, 236, 192, 188, 676, 668, 278, 129, 171,
 411, 303, 148, 286,  18, 680, 214,  87, 550, 523, 479,  52,  58, 231, 630, 529,  83, 269,   4, 126, 629, 249, 199,  13, 505, 238, 300, 172, 653, 121, 303, 657,
 518, 107, 474, 103,  49, 555,  42, 483,  50, 144, 134, 317,  39, 321, 646, 626,  40, 167, 370, 224, 290, 494, 433, 108, 556, 151, 438, 113, 410, 368, 362, 315,
 633, 465, 351,  90,  48, 390,  78, 660, 481, 136, 586,   6, 352, 639, 228,  54, 332, 514, 137,  17, 396, 618, 302, 377, 227,   9,  55, 418, 413, 120, 382, 216,
 169,  81, 616, 498,  63, 148, 488, 407, 203,  76, 264, 478, 326, 177,   9, 511, 105,  17, 314,  74, 508, 142, 546, 669, 661, 404, 225, 681, 513, 128,   5, 586,
 669,  60, 433, 626, 367, 561, 413, 126, 523,  33, 302, 476, 634, 381, 183, 605, 402, 546, 579, 230, 392,  77, 528, 396,  52, 590, 466, 227, 676, 113, 305, 578,
  82, 353, 155, 666, 325, 421,  13,  93, 623, 249, 413, 370, 300, 609,  19, 313,  92, 101, 154, 415, 481, 635, 159, 656, 470,  99, 229, 332, 334, 386, 226, 675,
 371, 673, 102, 651, 571, 451, 389, 619, 131, 152, 119, 116,  80, 178,  57,  27, 258, 292, 442, 487, 543, 653,  62,  69, 109, 291, 161,  79, 346, 567, 540, 134,
 155, 563, 368, 193, 683, 463, 137,  67, 439, 204, 149, 191, 648, 352,  30, 507, 600, 495,  48, 129,  94,  33, 292, 460, 158, 168,   7, 490, 437, 363, 295, 190,
 344, 277, 197, 135, 492, 285, 574, 614, 129, 213, 581, 633, 417, 628, 684, 528, 477, 320, 326, 451, 136, 664, 191, 274, 517, 150, 356, 123, 132,  34, 463,  39,
 600, 642, 393, 661, 294, 308, 351, 348, 420,  12, 535, 554, 240, 379,  38, 506, 606, 608, 241, 160, 165, 449, 572, 429, 581, 479, 316, 534, 615, 180, 624, 455,
 485, 275,  28, 109, 381, 631, 515, 229,  35, 658,   3, 318, 569, 471, 241, 324, 467, 473, 122, 140, 452, 245, 533, 204, 404, 521, 353, 384, 179, 403,  45, 597,
 298, 669,  53, 186, 566, 109, 191, 114, 573, 617, 449, 435, 260, 286, 317, 258, 263, 221, 414, 556, 517, 448, 621, 549, 473, 407,  42, 272,  24,  32, 483, 477,
 386, 165, 575, 338,  38,  48, 212, 452, 564, 492,  26, 679, 194, 671,  91, 146, 405, 519, 138, 445,   7, 391, 678, 238, 589,  89, 659, 663, 419, 374, 506, 331,
 185,  14, 638, 630, 501, 200, 493, 523, 482, 188, 163, 496, 618, 658, 369, 209, 128, 498, 476,  41, 321,  83, 408,  26, 275,  46, 389, 680, 264, 358, 489, 507,
 647, 161,  52,  72, 610,  68, 308,  23, 359, 582, 655, 410,  73, 434, 462, 100, 539, 668, 620,  19, 157, 312, 512, 644, 599, 170,  49, 532, 490,  43, 439, 577,
 634, 360, 110, 441,  78, 152, 156, 588, 133, 393,  20, 325, 314, 376, 277,  77, 612, 334,  60, 181, 650, 282, 475, 598, 486, 557, 443, 371, 474, 493,  47, 323,
 127, 600, 347, 383, 246, 565, 554, 322, 345, 271, 666, 497, 354, 187, 504, 427, 261, 355, 310, 147, 638,  11, 497, 112,  16, 645, 287, 643, 555, 547,  12, 585,
 243, 591,  24, 302, 309, 602, 534, 525, 625, 220, 348, 453, 537, 681, 387, 101, 271, 305, 131, 182, 601, 124, 561, 373, 296,  29, 231, 596, 125, 335, 297, 627,
 415,  36, 164, 288, 623, 327, 494, 265, 350, 225, 336, 590, 281, 210, 667, 375, 276, 212,  61, 366, 153, 340, 674, 423, 406, 239, 538, 502,  31, 215, 399, 202,
  20, 179, 611, 101,  60, 590, 406, 665, 342,  34, 637, 336, 574, 200, 560, 433, 645, 385, 601, 288,  38, 612, 193,  66, 422,  25, 206, 440,  57,  17, 232, 446,
 449,  24, 334, 302, 304, 413,  36, 647, 506, 552, 617, 478, 376, 595, 464,  92, 162, 241, 136, 535, 448, 340, 653, 285, 575, 143, 140, 604, 169, 339, 250, 663,
 389, 643, 626, 105, 353, 385, 273, 510, 676, 413, 134, 504, 679, 238, 379, 222, 221, 232, 183, 623, 332, 195,  11,  22, 265, 414, 298, 443, 427, 423,  46,  37,
 527, 588,  94,  71, 453, 279,  67, 547, 304, 234, 292, 126,  52, 519, 263, 276, 398, 517, 424, 329, 323, 400, 549, 158,  72, 220, 591, 544, 227, 497, 523, 181,
 462, 279, 177, 139, 636, 640, 226, 599, 112, 300, 415, 357,  39, 399, 239, 639, 110, 252, 186,   3, 394, 344, 347, 621, 237, 439, 519, 137, 301, 527, 352, 412,
 410, 589, 113, 508, 119, 100, 503, 513, 459, 297, 164,  16, 220, 577, 358, 138, 253, 368,  84, 335, 611, 101, 201, 149,  23, 343, 482, 166, 486,  88, 221, 124,
 598, 142, 425, 250,  93,  75,  43, 542, 585,  11, 441, 347, 157,   0, 502, 363, 250, 331, 493, 579, 565, 341, 100, 372, 148, 663, 489, 351, 494, 146, 567, 659,
 366, 270,  14, 147,  71, 168, 475, 603, 181, 542, 501, 104, 373, 198, 154,  89,   1, 667, 359, 563, 213, 456, 286, 277, 665, 345, 612, 391, 322, 425, 472, 127,
 162, 342, 469, 246, 310, 572, 510,  63, 346, 284, 295, 337, 213, 271, 231, 602, 523, 587, 630, 165, 597, 600, 381, 584, 367, 281, 230, 539, 579, 640, 420, 573,
 571,  49, 450, 483, 491, 455, 668,  42, 531,  67, 142, 252, 188,   9, 380, 556,  33, 203, 233, 578, 562, 258,  52, 294, 235, 101,  79, 536, 103, 161,  48, 534,
 291, 513, 497, 309, 384, 296, 618,  80, 586, 154, 547, 397, 115, 254, 540, 625, 679, 347, 684, 297, 429, 136,  74, 545, 412, 244, 261, 488, 485, 135, 223, 593,
 166, 365, 576, 314, 649, 672, 392, 454, 374,  84, 243, 561, 256, 479, 430, 557, 360, 533, 467, 362, 271, 284, 614, 417, 464, 632, 541,  30, 648, 636, 204, 495,
 621, 422,  11,   1, 117, 350, 371, 651, 116,  48, 194,  31,  33, 233, 294, 338, 104, 324, 395, 169, 632, 678, 374,  97,  41, 353, 209, 623, 118,  78, 282,  10,
 466, 609, 343,  82,  64, 114,  35, 206, 339, 664,  69, 153, 128,  61, 543,  29, 490, 105, 159, 364, 248, 684, 139,  99, 537, 398, 317, 619, 428,  28, 552, 275,
  66, 227,  25, 198, 408, 517, 432, 131,  13, 248, 349,  91, 683,  65, 635, 196, 631, 460, 191,  45,  79, 637, 240, 484, 655, 274, 187, 528, 430,  62, 566, 320,
 595, 610, 180, 358, 292, 173, 434,  40, 329, 624, 573, 245, 102, 487, 378, 405, 219, 553, 262, 132, 209, 357, 511, 671, 640, 444, 190,  51, 661, 476, 641, 133,
 613, 439, 315, 356, 144, 430, 636, 172, 165, 606, 471, 385, 225, 674, 436, 261, 309, 651, 156, 257, 305, 383, 639, 473, 452, 518,  83, 215, 245, 564,  54, 531,
 637, 507, 306, 145,  25, 297, 166, 538,  66, 309, 193,  59, 677,  56, 120, 642, 568, 390, 280, 348, 656, 365, 398, 623, 412, 378,  70, 627, 375,  98, 416, 503,
 362, 233, 672, 641, 521, 347, 275, 633, 514, 383, 287, 517, 388, 262,   0, 390, 477,   7, 109, 634, 379, 113, 380,  85, 490, 197, 595, 658, 167, 418, 562, 629,
 650, 101,  87, 253, 329, 558, 422, 555, 552,  97, 339, 594, 299,  10, 429, 111, 622, 603, 492, 289, 344, 115, 660, 654, 474, 469, 160, 117,  51, 308, 525, 607,
 205, 357,  19,  46, 104,  59, 476, 673,  12, 447, 647, 394, 469,   1, 600, 516, 396, 523, 554,   8, 509, 223, 272, 369, 649, 569, 454, 273, 561, 620,   6, 243,
 681, 474, 370, 290,   4,  52, 269, 207, 442, 464, 593, 312, 287, 498, 445, 151, 505, 509, 358, 388, 633, 397, 666, 655, 349, 264, 536, 408, 293, 596, 510, 255,
 497, 354, 470, 419, 259, 386, 206, 568, 531, 669, 564, 424, 532,  77, 283, 162, 592, 374, 547,  73, 319, 108, 211, 235, 257, 228, 465, 450, 270,  87, 580, 576,
 491, 407, 534, 679, 161, 541, 458, 583, 432, 286,  81, 199, 343, 484, 621, 584, 520, 196, 249, 387, 411, 317, 342, 337, 416, 522, 176, 266, 182, 435, 114,  53,
 425, 218, 632, 372, 197, 178, 284, 570, 568, 638, 597, 208, 438, 216, 545, 553, 137,  65, 457, 268, 202, 234, 622, 527, 530, 673, 118, 344, 224,  40, 318, 279,
 236, 163, 273, 168,  84, 465,  50, 661, 212, 451, 220, 341, 500, 635, 481, 219, 129, 475, 214, 229, 257, 442, 550, 606, 174, 107, 173, 333, 347, 155, 327, 670,
  87, 326, 421,  33, 307, 252, 121, 123,  48, 472, 251,  70, 605, 611,  68, 355, 666, 193, 403, 426, 551, 628, 149, 150, 292,  86, 428, 529,  81, 364, 404,  64,
 218, 544,  88,  47, 528, 311, 480, 437, 657, 409, 237, 301, 181, 201, 608, 395, 548,  59, 436, 615, 171, 316,  44, 247,  71,  95,  75,  18, 175,   8, 192,   2,
 665,  26, 248,  15, 228, 382, 271, 446, 648,  90, 644, 136, 633, 581, 170, 524, 325, 198, 152, 413, 544, 336, 582, 361, 189, 560, 640, 456, 100, 122, 218, 242,
 493, 385, 321, 244, 184,  55, 444, 125, 558, 654, 652, 551, 401, 141, 675, 468,  76, 283, 210, 304, 278, 594, 232, 682,  27,  21, 195, 313, 393, 106,  95, 185,
 653, 258, 215, 241, 607, 176, 143, 604,  67, 400, 139, 328, 414, 377, 330, 431, 680, 542, 217, 299, 463, 504, 111, 499, 546, 402, 509, 526, 207, 512, 145, 459,
  58, 103, 303, 367,  37, 461,  86,   5, 560,  22, 124,  32, 250,  74, 662, 559,  96, 646, 178, 222, 643, 496, 254, 260, 446, 515, 267, 256, 440, 616, 587, 130
# End of WOM_finder solution for a <378,685>/13 code
