# WOM_finder solution for a <470,1200>/14 code
#
# Sum rate = 1.364667
# The 16384 symbols listed below are mapped to code words that are the binary representation of the 0-based index in the table.

  71, 237, 289, 261, 367, 353, 308, 162, 234, 370, 129, 416, 180, 270, 238,1161,  14, 444,  20, 274, 255,  29,  19, 368, 413,  44, 259,1028,  76, 611, 605, 692,
 216, 171, 278, 154, 348, 144, 206, 191,   3, 328, 329, 164, 170, 151, 762, 583, 158, 340, 215, 786,  79, 300,1150, 731, 417, 347,1025, 771, 670, 877, 397,  84,
 381, 101, 429, 363,  12, 242, 442,1099, 250,  96, 239, 176, 378, 139, 280, 437,  95, 448,  98, 712, 232, 573, 533, 463, 196, 102, 975, 178, 471, 211,  12, 526,
 361,  51, 443, 967,  99, 172,  72, 801, 349, 677, 493,1110,1089,  96, 557, 523, 459, 960, 485,1071, 239, 597, 418,1127,  14, 894, 557,  96, 978,1134, 283, 707,
 453, 302, 294, 115, 450, 307, 189, 843, 114, 119, 228, 727,  34, 249, 878,1195, 173, 392, 428, 420, 179, 152, 241, 142, 117, 694,1064, 219, 774, 978, 462,1071,
  37, 369,  59,  44, 372, 223,1007, 365, 299,  12, 296, 368, 343, 542, 495,  68, 103, 386,1047, 538, 424,1177, 705,1068,1134, 275, 781, 143, 859, 690, 127, 288,
 423,  21, 177, 915, 455, 750, 264, 587,  65, 887, 393, 878, 746, 459, 696, 949, 396, 578, 985, 135,1133, 266, 427,1123, 967, 616,  84, 695,1099, 883, 996,1194,
 305,  32, 348, 544, 589, 855, 187, 842, 548, 517, 918, 966, 727,1125, 169,1030, 882, 161, 325, 263, 904,  16,1158, 254, 348, 619, 129, 950, 991, 706, 450, 573,
 406, 186, 419,  74, 104,  78, 108, 215, 351, 407,  32, 512, 122, 424,  94,1000,  94, 195, 181,1070, 211, 440, 491,1056, 436, 759, 824,  43, 367, 242, 863, 121,
 435, 273, 391, 213, 165, 343,  33, 772, 376,   1, 664, 244,1000, 874,1061, 568, 269, 183,  17, 950,  73,1141, 278,1152,   5, 757, 343, 459,1083,  57, 348, 661,
 405, 355, 107, 751,  39, 585, 850, 202, 285, 357, 181, 750, 629, 722,  90,1021, 333, 103, 427, 344, 728,1175, 727, 372, 984,1199, 679,  61, 928, 869, 580, 806,
  77, 276,1116, 249, 569, 879, 211, 300,   3, 626,1130, 790, 284, 559, 386, 187, 886, 571,1117, 527,1043, 736,1109, 386, 166, 335,1113, 887, 653, 241, 735, 927,
 458, 157,  30, 247,  17, 404, 364,1116, 319, 266,  96, 203,1070,1118, 367, 516,  90, 799, 888,1148,  91, 578, 310, 597, 264,1194, 354, 360,  96, 370, 103,  62,
 338, 444, 962, 564,  99, 654, 181, 504,1092, 717, 803,1135, 637, 547, 102, 309, 381, 134, 369, 772, 626,  76, 800, 606,1133,  73, 818, 604, 271, 531, 274, 356,
  69, 265,1137, 904, 123, 866, 605, 998, 491, 643, 387,1101,1189, 121, 869, 497, 174, 377, 550, 796,  38, 437, 255, 423,  74, 246, 727, 968,1140, 109, 133, 438,
   6, 922,1173,  62, 791, 416,  23,  10, 863, 395, 603,1085, 197, 792,  24, 756,1056, 656, 499,1073, 611,  45, 838, 812, 610,  12, 686, 232,  22, 252, 290, 942,
  48, 385, 430, 124, 257,  85, 296, 221, 202, 277, 397, 875, 200, 646, 926,  83, 126, 254,  50, 658, 258, 705, 614, 960, 142, 168, 407, 603, 772, 490,  45,1176,
 454, 326, 304, 128, 172, 319, 271, 700, 469, 153,1163,  44, 369,  39, 583, 541, 233,1076, 249, 557, 302, 613,  33, 669,1112, 693, 129, 342,1111, 105, 249, 559,
 251, 449, 271, 473,  67, 356, 883, 719, 130, 749, 469, 407,1026, 878, 455, 411, 437, 659, 127, 609, 738, 722, 480, 508,  80, 780, 958,1060, 198, 132, 724, 137,
 209,1062, 162,1108, 323,  10,1144, 575,1139,1140, 932, 416,  56, 368, 758, 414, 506,1018, 276, 541,1032, 384, 896, 192,1009, 420, 295, 313,1008,1197,1195, 605,
 303, 219, 121, 194, 176, 944, 330, 838, 357, 804, 802,1079,1074, 415,1178, 430, 315, 462, 241, 113,  14, 550,   2, 266, 915,1037, 158, 366,  10, 910, 974, 732,
 178, 950, 390, 582, 346,  53, 712, 823, 632, 187, 385, 948, 951, 108,1188, 829,1056, 687,1008, 816, 696,1034,  95, 289,1122, 499,1045, 654, 616,  84, 660, 522,
 184, 192, 200, 845,1199, 634,1030, 511, 271, 730, 399, 139, 692,1037,1155, 231, 416, 126,1005,1124, 132,1110, 479,1048, 526,  67, 702, 491, 562, 927, 629, 399,
 963, 720, 894, 297, 932,1158, 858,1016,1067, 256,1076, 852, 444, 499, 103,1146,  28,1084, 330, 596, 494,  29, 750, 217, 782, 311, 760, 962, 144,1000,1092, 628,
 190, 360, 433, 625, 343, 383, 596, 114, 337, 292, 246, 858,1187, 742, 799,  58, 401, 733, 866, 663, 639, 260, 247, 771, 731, 339, 461,1083, 127, 813,  84, 587,
 136,1096, 991, 608, 708,1004, 217, 546, 597, 805,   1,  95, 383, 250, 313, 683, 780, 198, 320, 163, 372, 706, 633,1047, 503, 909, 795, 457, 421, 544, 680,  35,
 382, 679,1067, 152,  22, 698, 266, 135, 394, 133, 424,1102, 363, 493, 428, 610,  69, 369, 319, 430, 981, 711, 608, 109,  52, 333, 810, 476, 948,1024, 315, 418,
  32, 346, 179, 217, 416,1175, 246,1181, 624, 923, 251, 589, 749, 951,1071, 872, 873, 692, 556,1053, 835, 862, 351,1054, 240, 851, 572, 284, 168, 208, 914, 484,
 210, 113, 618,  51, 386, 254, 280, 702,1114, 182,  87, 167, 344, 767, 728, 979, 973, 725, 508, 645, 193, 340,  17,1118, 336, 492, 501, 348,1175, 707, 605, 920,
1024,1005,1189, 870, 464,1074, 874, 496,1137, 636, 844, 338, 391, 589, 550, 188,1173, 966, 165, 698, 414, 624, 355, 485, 279,1022, 452, 265, 964, 665,1167, 899,
 621, 418, 330, 230, 242,1103, 410, 151, 148, 120, 818, 667, 769,1112, 392,1191, 268, 941,1024, 392,1196, 393, 507,1179, 339, 677, 212,  22, 709, 980, 431,1120,
 622, 275, 176, 778, 308,1116, 509, 766, 332, 953, 145,1152, 436, 606, 721, 615, 193, 607, 779, 388, 407, 517, 363, 627, 351,1119, 438, 552, 457, 160, 804, 190,
  92,  27, 281, 364,  61,  57, 432, 539, 230, 386,  97, 342, 217, 496,1066, 203, 452, 466, 368,1185, 350,  66, 891, 842, 138, 541, 481, 234,  25, 831,  20, 879,
 222, 226, 462, 270, 134, 711, 377, 485,  10,   8, 241, 464,1136, 748,   3,1178, 318, 185, 286, 884,1022, 959, 540,1123, 305, 918,1008, 320, 436, 581,1085,1027,
 145,  68,  49, 529, 388,1074, 612,1053, 244, 534, 851, 893, 291, 804, 287,1138,  33, 578, 208,1065,  50, 100, 878,  30, 821, 336, 340, 737, 391, 255, 294, 285,
 105, 902, 415, 625, 905, 261, 867, 953, 723,1067,1120, 275, 641, 421, 341, 598, 449, 153, 712, 663, 850, 694, 855, 260, 560, 281, 645, 413, 263,  99, 654, 814,
 220, 295, 327, 597, 352, 869, 103, 481, 403, 536, 860,1154, 221, 615,  23, 913,  54, 240, 409, 210,1042, 101, 338, 557, 821,1058,  12, 401, 945, 645, 724, 826,
 297, 569, 937,1132, 373, 356, 175, 616, 437, 389, 317, 931, 656, 684, 889,  93,1094, 775, 669, 964,1068, 622,1108, 631, 224, 545, 831, 116, 837, 623,1166, 717,
 424,1185,1098, 609, 130, 676, 455, 880, 913, 728, 865,1071, 935, 525, 191, 863, 906,1129, 356, 445, 739, 431, 264, 735, 923, 224, 461, 341,1022, 253, 876, 857,
 349, 609, 660, 624, 125, 709, 832, 928,  68, 932, 108, 109, 419, 174, 375,1141, 203,1089, 866,  32, 570, 702, 749,1009,1097, 176, 940, 319, 733, 243, 828, 238,
 390,  75, 111, 188, 192, 872,1195, 252, 346, 540, 820, 206,  49,  84, 600,1126, 223, 457, 440, 270, 765, 592, 473,1118, 964, 264,1187, 502, 105, 760,1166, 499,
 199,1099, 261,1025, 702, 585, 819, 642, 588, 115, 408,  42,  13, 463,1014, 430, 123, 785, 965, 505, 460, 766, 280, 949, 600, 971, 939, 321, 144, 972, 632, 535,
 321, 800, 426,  41, 532, 315,  68, 920,1084, 810, 684, 795,1147,  54, 646, 395, 547, 728, 366,1023, 557,1022, 602,1143,  50, 899, 736, 359, 490, 675, 522,1156,
 223, 348, 337, 189,1047, 966, 172, 291, 450, 439, 836, 655,1136, 128, 448,1167, 555, 196, 990, 799, 717,  48, 457, 992, 705, 614, 746, 247, 279, 306, 722, 896,
 306, 375,  54,  25, 114, 106, 913, 798,1100, 348, 631, 396, 303, 743, 691, 618,1074, 627, 206, 902, 514, 582, 441, 561,1155, 576, 658, 380, 495,1115, 994, 470,
 153, 835,  96,1097, 460, 381, 352,1199, 369, 436,1134, 716, 500, 169, 868, 269, 773,1058, 862, 107, 991, 132, 856,1005, 810, 423, 634, 811, 200, 933, 140,  75,
 668, 475, 511, 630, 199, 217,  27, 208, 297, 376, 379,1000,1063, 845,1062, 383, 384, 504, 964,1137, 279, 355,  87, 547, 327, 495, 225,  78,1151, 444, 720,1045,
 353, 402,1121, 692, 769, 251, 823, 120,  50, 838, 116, 965, 237, 711,  48, 154,1017, 829,1165, 602, 739,  17, 239, 905, 521, 963,1021, 422,1053, 446, 412, 853,
 280, 260, 393,  32, 373, 758, 776, 137, 150, 656,   3, 386,1079, 212, 822, 605, 135,  65, 449, 245, 561, 838, 308, 776, 638,1014,  64,1030, 638,  19,1094,  36,
 183, 351, 986, 747,  62, 853, 123, 732, 421, 198,1142,1003, 213, 407,1087, 344, 232,  89, 796,1170, 942, 258, 618, 298, 665, 928, 271,1070, 703,1136,1187, 225,
 225, 758, 670, 520, 282,  83, 877, 231, 384, 702, 587,  79, 891, 313, 687, 436, 294, 535,1158, 205,1125,1076, 105, 785, 539, 308, 889, 180, 698, 473, 699, 396,
  33, 366, 332, 927, 198,1061, 276,1072, 501,1056, 729,1023, 492, 885, 538, 981, 230, 474, 994, 490, 455, 600, 902, 874,1034, 103, 989, 486,1069, 937,1182, 533,
 301,1032, 437,1144,  29, 197, 250, 192, 628, 376, 332, 534,1085, 145, 213, 351, 568, 959, 799,1032,1085, 977, 986, 542, 542, 227, 874, 204, 169, 938, 308, 619,
1163,1058,1067, 904, 814, 837,1043, 343, 155, 939,1126, 994,  71,  26, 582, 483, 223, 674,   9,  15, 538, 564, 998,  69,1137, 932, 183,1159, 210, 988, 196, 610,
 685,1132, 767,  70, 953, 128, 231, 894, 130, 854, 275, 324, 237, 940,1031, 705, 813, 239, 863, 391, 820, 941, 221, 343, 194, 686, 142, 703, 859, 960, 483, 700,
 852, 415, 274, 378, 764, 680,1179, 342, 333,1154, 473,  17, 562, 622, 798,1115, 858, 340, 936, 930, 511, 955, 386, 207,  77,  88, 922,1011, 993, 329, 873, 642,
 358,1184, 217,  11, 597,1189, 325,  73, 824, 855, 176, 730,1194, 310, 792, 974,1116, 340,  81, 693, 584, 734, 801, 283,1046, 979, 523, 876, 192, 286, 364, 300,
 806, 220, 333, 964, 445, 847, 579, 453, 523, 421, 592, 918,1046, 772, 619, 894,  35,1163, 354, 172, 541,  83,1000, 318, 955,  39,1196, 723, 570, 718, 821, 349,
  91,1034,1023, 863, 348, 633, 206,1173, 536, 260, 289,1075, 665, 991,1028,  45, 368, 493, 980,1176, 502, 837, 327,1079,1055, 513, 872, 475, 116, 178,1078, 802,
 483, 673,   6,1158, 658, 947, 654, 224, 776,  62, 514, 886, 139, 341, 387, 509, 613,1146,1043,1092,1183, 167,1007,  85,1156, 696, 652,1103, 151, 549, 742, 789,
 472, 619, 112, 950, 902, 117, 744, 810, 814,1198, 312, 834, 423,1064, 817, 133, 239, 373, 131, 478, 944, 234, 503,1190, 484, 647, 613, 118, 655,1042, 135, 739,
 307, 513,1113, 519, 723, 641, 736, 395, 757, 201, 477, 737,1192, 451, 957, 222,1039,1133, 682, 978, 946,1135,1069,  31, 185,1086,1108,   2, 911,1164, 685, 995,
 647, 242, 605, 640,  50,1139,  16,  51,  66,1089,  30,1022, 751,1161,  79,  37, 424, 346, 951,  63,1032, 445, 826,   1, 852,1008, 306,  26, 956, 997, 233,  52,
 759, 611, 173, 684, 480, 580, 690, 476, 758,1188, 361, 801, 203,1093, 104,  18, 577, 726,1077, 748,1083, 755,1065, 435, 771, 364,  94,1031, 257, 278, 256, 215,
 213, 153,   4, 256,  53, 354, 163,  77, 102, 359, 279,1149, 440,  16, 718, 132, 247, 224, 312, 208, 292,  13, 165, 821,  55, 706, 619,1180,1066,1058,  54,1152,
 347, 375, 323, 219,  64, 881,1171, 332, 120,  41, 135, 679, 260, 358,1013, 785, 345,1141, 634, 184, 727, 292,1064, 131,1026, 508, 873,1018,1153,1046, 334, 637,
 291, 447, 324, 446, 185,1026, 852, 554, 207,1074,1149, 397, 883,  59, 493, 593, 131, 611,1165,1082, 747, 233, 315, 106, 314, 626, 268, 766, 236,1049, 332, 782,
 467, 339, 635, 778, 511, 609,1031, 956,1120, 401, 680, 361,   6, 297,1124, 859, 844, 335, 569, 284, 607,1120,1193, 133, 299,1167, 382, 876, 373,  10, 901, 952,
 334, 156,  56, 165, 240, 734, 682,  93, 415, 766, 817, 763, 137,1067, 123,1079,  73, 883,1119,  25, 966,  44,1133,1121,1165, 814, 702,  57, 480, 635,   1,1174,
   5, 750, 948, 940, 592, 931, 145, 844,1112,1031,  75, 149,1073, 740, 467, 199, 552, 254,1125, 928, 829, 596, 319, 869,1039, 358,  53,  42, 260, 714, 908, 362,
 314, 781,1044,1164, 991, 165,1103, 780, 905,  85, 775, 457, 407, 853,   6, 608, 152, 119, 189,1023,1018, 764, 495, 861,  24, 922, 174, 850,1041, 538,1140, 182,
  39,1047,   0, 649,1092, 690, 505, 717, 705, 511,1052, 282, 903, 485, 514, 236, 132,  34, 390, 733, 922, 723, 156, 889,1199,  70, 608,  50, 663, 528, 892, 178,
 118, 457, 141, 919, 427, 251, 232, 583, 468, 987, 307, 862,1130, 337,1068, 666, 366,  73,1026,1132,1110, 664, 111, 555,  78, 480,1179,1026, 527, 935, 742,1169,
  38, 799, 845, 487,  98, 302,1149,1191,1084, 432,1060,1140, 980,1053, 238, 784, 763, 913,1091, 373, 459, 103, 366,  79, 580,1060, 216, 725, 212, 845, 823, 539,
 169, 605, 340, 176, 112, 504, 552, 804, 325, 377, 853, 613, 556, 680,1092, 338, 517,1110, 100, 830, 552, 595, 385, 500, 416, 814, 352, 266, 245,1133, 860, 403,
1027, 424, 473, 181, 220,  36, 321, 712,1010, 682,  65, 449, 407, 483, 466, 703, 254, 762, 215,1057,1139, 279, 203, 937, 390,  57,  76, 806, 393, 445, 662, 620,
 182,1000, 523,1198,1142, 239, 987, 276, 453, 768, 464,1022, 904,1049, 247, 534, 294, 179, 258, 571, 563, 471, 956,1031,1152, 910, 104, 833,1040,  32, 500,  84,
1189,  44,1030,1008, 514, 369, 222, 771, 926, 225, 607, 747, 212,1163, 162, 569, 192, 569, 681, 632,1018, 123, 785, 997,1070, 944, 332, 582, 331, 402, 451, 794,
 145,  78, 767, 929, 191,1010, 679,1044, 496,1036, 509, 280, 146,  82, 154,1148, 949, 361, 553, 304, 344, 475, 737, 760,1047, 652,1084, 216, 561, 529,   0, 988,
 881,1161,1069,  37, 325, 897, 810,1019, 419, 664, 400,1154,1107, 930, 743, 153, 301, 577, 775,1088,  13, 530, 272, 414, 349, 834, 488,1143,1016, 693, 648, 433,
 205, 298,  62, 748,  63, 538, 192, 520, 411, 782,1133, 437,  96, 264, 493,1032,  86, 608, 118, 551, 750, 242, 783,1149, 634,   2, 757,1016, 476,1192, 995,1051,
 421,1013, 382, 570, 586,1141,1127, 149,1059,1085, 706, 896, 845, 965,1065, 647,1091,1034, 730, 230, 249,   0,1113, 153, 447,  91, 716,1077, 761, 809, 581, 317,
   1, 813, 579,  10, 699,1069, 526, 373,1140,1084,1116, 472, 542, 865, 749, 460, 731, 407, 633, 545, 856, 436, 458, 990, 604, 654,1079, 862, 638,1022, 113, 422,
  67,1082, 375, 835,  35, 552, 230, 907,1068, 670, 584,1166, 158, 412, 886, 312,1078, 721, 355, 794, 786, 980,  64, 197, 678, 847, 550, 599,1040, 987,1118, 903,
 380, 393, 311,1093, 308, 608,1159,1101,  62, 266,1134,1125, 523, 541, 551, 778,  46, 355,1054, 339, 428, 214, 615,1199, 959, 197,1188, 704,1054, 750, 623, 220,
 748, 963, 668, 600, 419, 139,1152, 754, 495, 156, 625,  56, 528, 973, 279, 909, 799,1030, 842, 268, 439,1070,1197,1033, 708,  85, 655, 520, 399,1106, 390, 115,
 507,1165, 151, 299, 464, 963, 359,1189, 973, 207, 119, 777, 638, 130, 666, 839, 507, 599, 930, 143, 866, 502, 899, 270,1127, 831, 693, 229,  30, 792, 314, 290,
 446, 117, 747,1043, 147,1042,1056, 161, 805, 257, 470, 945, 320,1191, 676,  13,1185, 305, 584, 408, 389,1186, 694, 893, 916, 343, 622,  74, 560, 759, 734, 112,
 147, 272,1115, 513, 978, 304, 903, 369,  44, 507, 851, 522, 687, 343,1008, 123, 420, 402,1045, 952,1022,1142, 652, 250,1069, 353, 293, 352, 717, 755,  34, 474,
 156,  99, 101, 889, 849, 713, 454, 298, 100,1154,  36, 982,1151, 821,1057, 831,1192, 550,1121, 286, 495, 382, 380, 249,  21, 612, 817, 901, 805, 384,1070,1041,
 861,1035, 617,1047, 520, 784, 440, 590, 451, 844, 124,1099, 295, 681, 333, 765, 750, 800,   2,1042, 499, 570,1178, 265,1174, 931, 782, 528, 426, 614, 273, 727,
 184, 978,1191, 563, 907, 905, 805,1163, 909, 347,  56, 770,1157, 685, 430, 961,1160,  92,1002,1187, 126, 376, 647, 144, 733, 828, 985, 687,  18, 635, 131,1198,
 470, 506, 289, 908,1118, 347,   3, 876, 609, 596,1149,1123, 185,1034, 326, 580,  45, 516, 634, 787, 871, 454,1087,1076, 596, 375, 392, 218, 432, 889, 436, 946,
 582, 293, 212,1028, 379,1131, 793, 463, 521, 158, 454,1007, 893, 696, 815, 960, 415, 156,  93, 495,1068, 592, 840, 688, 139, 333, 497,   3, 417, 752,1086,  92,
 696, 482, 683,1146, 777,  45, 789,1013, 121, 641, 956, 874, 454, 799,1125, 626, 786, 227, 171, 336, 517, 258,1081, 947, 283, 870,1009,1175, 244, 186, 986, 761,
 522, 746,  45, 469,1006, 422, 935,1040, 915, 631, 421,1170, 975, 122,1160, 807, 247, 730, 821, 285, 503, 636,1075, 898,  52, 991,1029, 237, 849,  23,1090, 525,
  24, 187, 188, 141, 235,  17, 329, 128, 116, 265,  13, 190, 862,1033, 199, 130, 362,1164,1034, 484, 247,1127,1113, 817, 449, 355,1121, 615, 646, 586, 702, 974,
 204,   9,1072,1119, 551, 602, 147, 425, 515, 847, 385,1179, 160,1133, 822, 827,1158, 786, 221, 412, 648, 477, 506, 572, 272, 982, 849, 561,  41, 196, 179, 793,
 262,  21, 636, 535, 973, 444, 584, 560, 978,1062,1001, 800, 122,1044, 507, 655, 253, 991, 151,1178,1094, 864,1159, 401, 328, 757, 714, 105, 266,1083, 521,1068,
 538,1092,  52,  82, 789,1088,1091, 315, 551, 858,1058, 948,1083, 207, 879, 194, 224, 272, 377, 122, 397, 344,  51,1155,  30, 968, 251, 959, 579, 842, 505,1103,
 125, 595, 758, 244,1155, 368,  53, 575, 966, 830, 519, 117, 709, 971, 564, 402, 484,1129, 696, 733, 912,1169, 968, 144, 520,1104, 911, 765, 886, 699,1107, 524,
 149, 950, 101, 144,  86, 620, 411,1188,1150,  81, 601,1092, 944, 866, 714, 255,1142, 946, 727, 627, 249, 250, 973, 965, 948, 747, 843, 465,1120,1087, 838, 354,
 930, 150, 135, 924, 744, 193, 318, 527, 566, 870, 803, 620, 570,  93, 118, 789, 441, 488,1007,  94, 310, 811,  99, 322, 138, 386, 347, 513,1116,1014, 167, 921,
 668,1168, 975, 454, 285, 495, 188,1045, 809, 177, 848,1189, 524, 447, 962, 571, 640, 162,1192, 140, 615, 498, 430, 333,1044, 133, 878, 212, 561, 102, 748, 548,
 252,1128, 102, 290, 522,1181, 357,1069,   6, 705, 450,  52, 561, 667,1175,1002, 461,1089, 719, 477,1014, 936, 174, 320,1078, 280, 715, 603, 690, 700,1142, 256,
 531, 197,1156, 807, 133,  64, 389, 921, 510, 412, 945, 298,1077, 983, 480, 750,1093, 956, 674,   8, 542, 161, 469,1161,1021, 299, 983, 868,1154, 698, 323, 938,
 880, 338,1139, 584, 470, 640, 487, 541, 933,1153, 361,  98, 491, 226, 682,  42,1031, 711, 130, 131, 743, 684, 855, 897, 252, 195, 621, 707,1034, 710,   6, 417,
1015, 521,  22, 444, 589, 520, 209, 214, 921, 798, 127, 299, 759,  94, 328, 363, 213, 240, 525, 981, 827, 175, 659, 705, 487, 304, 526, 544,  91,  67, 311,1001,
 463, 151, 450, 440, 121, 536,1120, 284, 154,1083, 210,1015,1095, 547,  17, 848, 942, 781, 418,1186, 472, 840,1192,  15,1131,1081,  44, 633, 658,1138, 374,1170,
 351, 716, 686, 225,1127, 891, 836, 490,  45,1095,1065,1094,1119, 629, 330, 224, 800, 147, 242, 677, 931, 205, 259, 916, 879,  68,  27, 846, 779,1176,  81, 858,
 354, 473,1159, 234,1023,  80, 661, 670, 107,  43,  11,1073, 359, 734,1082, 508, 676,1039, 126, 791, 125,1185, 535, 407, 875, 261,1126,1048, 862, 738, 698, 932,
 696, 878, 625, 170, 204,1090, 423,  63, 726, 645, 934, 709,  34,1076, 955,1051, 856, 496,  86, 658,  95,1149, 753, 993,1080, 675, 574, 837, 969, 461,   7, 350,
 414, 507, 379, 509, 110,1031, 249, 685, 445, 980, 826, 881, 842, 669, 965, 859,  36, 194, 508,1053, 221,  32, 486,  79,1163, 148, 578,1116,   9, 609, 478, 468,
1124, 632, 726, 697,   6, 800, 605,  86, 359,1134, 427, 381, 119,1105, 743, 461, 678, 982,  69, 952, 105,  74, 340,1177, 164, 224, 363, 934,1037, 924,  82, 240,
 751, 120, 880, 957, 737, 517,1102, 426, 140, 539, 837, 293, 695, 354, 225, 431, 427, 747, 650,  39,  23, 839, 164,1026, 840, 232, 146, 717, 818,1146,  90, 235,
 112, 848, 291, 496,1130, 864, 611, 212,1091, 957, 887, 722, 449, 353,1117, 762, 312, 434,1036, 114, 575, 409, 719,1097, 369, 630, 661, 941,  70,1074, 463, 728,
 562, 402, 594, 622, 817, 457, 278, 668, 207,  73,  55, 341, 450, 412,  19, 420, 576, 560, 629, 107, 662,  63, 980, 492, 628,1128, 604, 403, 236, 262, 549, 799,
1140, 974, 165,1007,1148, 232, 774, 302, 923,1167, 710, 707, 113,  55, 472, 211,1006, 312, 715,  16, 770, 738, 141, 882, 157, 785, 301,1165,1082, 621, 624,1099,
 940, 274, 942, 258, 768,1177, 365,1175, 961, 318, 708,1078, 358,1058, 589, 309, 393, 697, 276, 871, 491, 809,1122, 555, 726, 501, 279, 390,1061, 644,  73,1080,
 220, 243, 996,1151, 688, 601,1183,  57, 366, 129, 796, 445, 254, 408, 772, 304, 679,1049,1184, 984, 120, 854,1047,  72, 332, 221, 784, 283,  96, 867, 321, 751,
1099, 438,1082,1065,1117, 543, 747, 676, 753,1122, 648, 199, 990, 254, 286, 217, 325, 968,1045, 467, 732, 347, 367,1125, 692, 104, 721, 243,  61, 913,  33, 966,
 986,  65, 392, 775, 519, 487, 233, 277, 457, 679, 438, 690, 172, 803, 897, 184,1118,1036, 452,  41,  66, 392,1137,1084, 791, 721,1055, 489,1076, 319,  78, 460,
1136, 261, 501, 358, 338, 497, 920, 198, 328, 448,  35,  99, 418, 826,1027, 678, 681, 808, 734, 788, 928,  86,1154, 263,1148, 486, 729, 891, 153, 466, 301, 607,
 320, 269, 925, 665, 192,1187, 258,1197, 667, 276,1044, 830, 780, 875, 479,  29, 888, 515, 672,  24,   9,1087,  59, 219,1095, 588,1199,1098, 768, 330, 812, 405,
1048,1032, 143, 973, 445, 852, 546,1106, 750,1194,   5,1063, 615,1182,  89, 456, 388, 130, 476, 417, 481, 390,1148, 201, 307, 663, 264, 577, 358,1016, 593, 419,
 586, 793, 133, 416, 968, 311,1169, 731, 502, 356, 407, 790, 299, 324, 382, 591, 314, 235, 781, 728, 962, 906, 531, 523,  14, 181, 166, 890, 953, 189, 885, 554,
 717, 832, 436, 772, 697, 479, 922, 598, 403, 251, 829,1046, 206, 223, 404, 783,1099,  21, 551, 849,1195, 566, 149, 574, 397,  42,1153, 367, 211, 553, 163, 228,
 326,1127, 484,  61, 610,  77, 195, 179, 761, 777, 136, 724, 293, 754, 635, 912, 702, 573, 196, 744, 806,1104,1150,  28,1003, 101,  10,  90, 617, 943, 425,1114,
 425,  13, 311, 152, 265, 371,  81,  19, 284,  58, 286,1197, 264, 882, 198, 290, 409,  91,  84, 645, 143, 937, 302,1007, 384, 426, 233,1093,  50, 743, 656, 369,
 140,  72, 325, 406, 282, 190, 542, 581, 316, 777, 124, 148, 521, 838, 621,1022, 272, 408, 235, 753, 414, 872,1052, 245, 382,1110, 305, 502, 734, 617,   0, 279,
  22, 310, 266, 995, 168, 728,  17, 809, 203,  36, 385, 233,1192, 502,  17, 891,  80, 533, 979, 743, 289, 274,1130,1075,1131,1034, 234,  71, 108,  94,1019, 818,
 383,   1, 660,1074, 990, 959, 865, 791, 427, 772, 184, 388, 225,1069, 315,1094, 978,  18,1131, 593,  60, 505, 251, 339, 460, 915, 168, 709, 737, 845, 562, 616,
 320,  11, 106, 191, 245, 580, 109, 528, 288, 198, 794, 915, 564, 687,   4,1133, 198, 135,  43, 110,1049, 866, 984,1061,1088, 799, 623, 602, 806, 741, 467, 398,
  41, 338,1138, 535, 109,1193,1197, 400, 764, 652, 257, 309, 509, 767, 293,  99,1143, 374, 467, 893, 966, 723,1115,1138, 504,1112, 509, 389, 128, 198, 659, 492,
 456, 994, 384,1140, 247, 632, 583,1187, 457, 911, 831, 630, 603, 629,1149, 278, 546,1009, 944,1040, 949,1121, 291,1077, 486, 347, 185, 717, 143, 897, 484,1087,
 999, 864, 445, 879,  23,1079,1104, 485, 817,  87, 953,1100, 845, 550,1143, 265, 964,1027, 451, 633, 219, 122, 170, 647,1130,1105, 575, 607, 508, 998,1026, 378,
 139,  45, 463, 257, 132, 351, 650, 833, 151,  43,1015, 941, 899,  41, 150, 693, 342, 242, 262, 788,1122, 500, 281,1196,1043, 705, 721,1014, 456, 515, 413, 945,
 146, 202, 743, 622,1081,1000,1185, 842, 190, 536, 462, 726, 477,1103, 763,1164,1085,1005,1132, 750, 781,  70,1022, 957,1099, 667, 371, 577, 333, 791, 956, 922,
 155, 439, 801, 633, 596, 239, 167, 354, 308, 119, 501, 332, 439, 600, 410, 915, 637, 544, 729, 542, 717, 911,1000, 227, 187, 329, 137, 297, 955, 118,  60,1033,
 462, 435, 788, 938, 631,1053, 174, 847, 826,  65, 981, 762,1148,1065, 623, 971, 916, 199, 791,1185, 796, 977,1190,1036, 968,  69,1145, 902,  63, 639, 286, 125,
  47, 231, 540, 889, 369, 324,1177,  72,   1,1104,1121,  94, 716, 136, 521,  88, 255, 181, 275, 249, 117, 793,  54, 498, 743, 876, 414,1123, 468, 987, 342, 553,
1038, 679,1186, 413,1040, 178, 820, 516, 935,1034, 419, 686, 900, 295, 331, 341, 922, 386,  16, 774,   0, 493,1082, 655,  28, 490, 463,1040,1089, 177, 958,1008,
 351,1090, 529, 563,1125, 104, 723, 143, 385, 411, 259,  47, 599, 859, 793, 634, 464, 838,  88, 793, 872, 935, 141, 919, 667, 606, 685,  63, 483, 878,  57,  29,
  42,1035, 849, 193, 376,1038, 222, 931,1159, 599, 161, 481,  61, 270, 156, 260,  15, 711, 314, 713, 950, 432, 240, 198, 301, 629,1155, 718,  35, 280, 699, 163,
 267,   6, 293, 687, 317, 356, 537, 298, 137,  47, 603, 311,1123,1068, 404,   6, 313, 522, 732, 114, 597, 503, 234, 244,1064,  52, 786, 740,1081, 890, 284,1018,
 197, 351,1116, 172,1136, 111, 413, 527, 910, 883, 492, 696,  42, 592, 150, 564,  71, 560,1197, 974,  42, 423,1028, 117,  79, 768, 343, 746, 321, 548,1093, 120,
 420, 130, 247, 352,1100, 852, 975, 517, 210, 512, 570,1184,1066, 795, 898,  59,1037,1009,  50, 443, 989,1150, 118,1152,1108,   2,1142,1039, 866, 282, 752, 446,
 494, 840, 753, 113, 315, 815,1084, 917, 658, 386,1063, 692, 904,  32, 794,1171, 875,1042, 508, 335,  92, 338, 864,  53,1160,1085,1061,   1, 959, 158, 875, 419,
 344, 679,1115, 959, 973, 456, 346, 717, 290, 663, 819, 894, 111, 443,1132, 555, 357, 176, 272,  33, 237,1094, 490, 366, 418, 397, 590,  25, 519, 737, 713, 276,
1049, 927,1046, 932, 341, 577, 540, 977,  73, 163, 216, 424, 719,1149, 658, 670, 576, 275, 192, 211, 867, 310, 107, 689, 795,1043, 309,  81,  62, 902,1048,  44,
  71,  53, 489,1037, 426, 275,1113,  84, 831,  18, 592,1148, 954, 777,  92, 456, 291, 614, 449, 963, 860,  38, 262,   0,1062, 142, 809, 581,1065,1105,1049,1052,
 444, 786, 886, 320,1018, 836, 447, 672, 628, 810, 712, 646, 633, 760, 987, 597, 660, 645, 380,  64,1151, 826, 960, 119, 608, 938, 245, 979, 620, 844,1023, 601,
 241, 669, 261,  55, 605, 404, 816, 236,  12, 527, 527, 225,1178,  10, 832, 596, 946, 383, 580, 927,1196, 584, 627, 232, 633,1127, 630, 213, 667, 483, 312, 521,
 211,1010,1037, 753,1108, 166, 307, 280, 298, 780,1079,  60,1119, 205, 853, 786,  58, 662, 469,  87, 563,  25, 621,1174,1051, 884, 586, 194, 744, 218, 612, 308,
 436, 504,1193, 975, 339, 491,1007, 862, 505, 565, 542,   7, 574, 686,1040, 902,1018,1104, 286, 865, 688,1062, 851, 676, 945,1128, 905, 560, 820, 470, 210, 682,
  78, 596, 550, 512, 485,1115, 498,1192, 360,  37,  97, 195, 761, 472, 598, 355,1068, 625, 697, 634,1177, 397,1149, 810,1063, 694, 892, 691, 723,1189, 411,1020,
 836, 646, 869, 792, 886, 993, 209, 199,1094, 402,   8,1006,  67, 172, 113, 229,  78, 918, 535, 412,1103, 297, 700,  93, 982,1022,1184, 260, 263, 842,  86, 873,
 318, 757, 894, 361,1106, 571, 221,  27, 278, 880, 220, 420, 846,1130, 311,1060,  36, 477,1136, 722, 757, 940, 124, 638,  77, 108, 344,1131, 599, 314, 644, 100,
 701,1135, 636, 389,  16,  70,1058, 576, 813, 410, 374, 162, 500, 764, 624, 901, 433,1122,1014,1069, 112, 765, 543, 557, 359, 568, 791,  46, 451,  80,1163,1157,
 228, 110,1196, 349,1193, 216, 903, 455, 201,1118, 379, 900,1102, 362, 959, 881,1101,1182, 857, 731,  81, 832, 358, 643,1027, 354, 197, 996, 365, 588,   5, 155,
 434,   0, 133,1006, 356,  33, 769,1176, 221, 138, 786,1143, 576, 434, 849, 973, 201,1135, 918, 490,   4, 561, 640, 275, 297,1020, 708, 528, 601, 121, 774, 986,
  60, 800, 301, 965, 581, 602, 604, 189, 408, 815, 567, 713,  95, 932, 531, 743, 106, 509, 424,1023,  10, 603,  63,1148,1044, 123, 569, 847, 580, 481, 508,1144,
 276,1030, 744,   6, 363, 155, 443, 566, 444, 349, 511, 113, 132, 347, 252, 169, 676, 245, 861, 898, 964, 804, 653, 315, 135, 491, 971,1182, 981, 953, 514,1119,
 132, 504, 530, 440, 314, 638, 572, 401, 256, 956, 640,1028,  93,1122,1110,  22, 184, 642, 470, 832, 731, 940, 976,1147, 955, 254,1026,1133, 475, 618, 633, 824,
 404, 941, 753, 922, 172,  67,1168, 684, 849, 748, 228, 696, 809, 227, 974, 246,  67, 567, 769, 339, 748,  25, 704,1046, 224, 531, 779, 438,1072,1035, 544, 357,
 448, 779, 318,1060, 741,1080, 883, 873, 154, 882, 680, 478,1000, 832, 924, 450, 720, 901, 972, 496, 760, 181, 136, 392, 314, 441,1160,  95, 259, 594, 352, 851,
1130,1084, 591, 656,  45,1197,   1, 358, 346, 161, 151, 185,1134, 693,  20, 172, 100,1187, 798,1120, 367, 208, 588, 570, 360,   4, 568, 511,1029, 651, 204,  27,
1072, 449, 576, 685,  70, 526, 246, 123, 941, 484, 842, 778, 678,   2, 234, 262, 666,1025,1128,   8, 914, 975, 454, 892, 637, 787,1161, 754,1002, 790,  66, 230,
 441, 908,1055, 402, 824, 329, 878, 669, 565, 799,1118, 899, 852, 761, 322, 996,1097, 217,1183, 358,1161, 374,1051, 389,1116, 804,1137, 624, 329, 957,1099, 178,
 731,1071, 484, 227, 670,1196, 707,  21, 255, 904, 274,  80, 913, 166, 787, 816, 890, 768,1039,1153, 473,1142, 710, 559, 916, 873, 846, 404,1021, 589, 421, 926,
1157, 186,  81,1081, 291,1131, 782, 142, 873,  98, 408, 451, 910, 980, 732,1091,1163, 101, 190, 823, 694, 630, 539, 292,  45,1108, 217, 296, 406,1070, 393, 812,
1078, 874, 302, 561, 818,1052, 834,  39,1087,1148, 191, 672, 595, 334, 397, 366, 759, 617, 840, 747,1182, 886,  42,  38, 303,  79, 694, 529, 888, 628, 641, 756,
1034,1132, 333, 682,1098, 817, 247, 934, 644,1158, 977, 865,1150,1071, 749,1011, 734, 165, 330,1178, 176, 968, 190,  33, 623, 752, 495, 586,1090,1068,  53, 289,
 555, 854, 627, 431, 541, 898, 872, 875, 323, 457,  60, 440, 117, 391, 947,1044, 129, 489, 998, 824, 232, 828, 368, 474, 409,  59,1180, 174, 445,1077, 697, 453,
  72, 219, 693,1001, 556, 436, 271, 319,1115, 905, 205, 884,1127, 856, 785, 320,  67, 688, 509, 286, 192,1152, 304, 242, 717, 181, 569,1056, 165, 719,1006, 426,
 472, 579, 767, 700, 569, 701, 674, 340, 918, 689, 309,1177, 750, 970, 469, 515, 260,1041, 763,  13, 413, 652, 236, 740, 516, 400, 213, 179, 164, 708, 420, 757,
 365, 632, 402,  10, 916, 201,  87, 537, 456, 292, 652, 734, 790, 179, 507, 735, 115, 183, 293, 878, 130, 813,1110, 489, 650,  65, 763, 361,1046, 335, 978, 817,
 922, 291, 458, 379, 290, 178, 814, 593,1153, 869, 264, 263,  16, 961,1116,  30, 394,1061, 198, 916, 252, 443, 372,1129, 244,1104, 869, 285, 168, 261, 935, 948,
 212, 553,1195,1083, 809, 624, 129, 424,1195, 638, 374,  96, 565, 631, 378, 688, 932, 279,1125, 761, 748, 780,1185, 681, 709, 880,  51, 450, 401, 749, 214, 800,
 885,1001, 557, 998, 229, 812,  79, 955, 317,  16, 620, 216, 568, 664,1183, 551, 297, 327, 965, 477, 801, 107, 326, 362, 477, 555, 571, 188, 559, 246,1173,1186,
 895, 514, 483, 353,1159, 121,1045, 126,1118, 727, 982, 747, 175, 383,1142,1176,1186,  46, 180, 690, 931,  96, 223, 897, 626, 617, 695, 839, 217, 251,1106, 448,
 162,1143, 940, 214, 336, 991, 818, 791, 849, 426, 989, 439, 693, 566, 359, 410, 927,  30, 600, 145,  74, 438, 202, 186, 396, 231, 381, 452,1097, 505,1158, 840,
 301, 330, 183, 125, 497, 530, 691, 846, 742, 944,1053, 468, 153, 299, 413, 427, 518, 101,1166, 635, 783, 658, 611,1063, 580, 850, 770, 447, 501, 572, 370,1117,
  56, 653, 913, 233, 279, 149,1051, 487, 676,1083, 403, 147, 190, 662, 307,1019,1052, 151,  85,  19,1127,   3, 714, 834, 393,1124, 280, 872, 934, 788, 395,1198,
 729,  22, 206, 102, 896, 364,  90,1094, 214, 853, 818,1188, 264,1138,1003, 510, 672, 400, 823,  48,1147, 128,1048,1108,1189, 132, 266, 331, 673, 871, 115, 782,
1195, 238, 709, 253, 301, 522,1038, 536,1100,1176, 219, 572, 699, 447, 226, 997,   6, 210, 937, 467, 799, 271, 889, 708,1115, 226, 262, 480, 622, 552, 471, 704,
1100, 492, 939, 935, 702, 595, 181,1170, 232, 137, 168, 538,1128, 773, 619, 316, 377, 419, 794, 170, 549, 666, 102,1086, 675,1193, 184, 185,  76, 272, 409, 775,
 774, 636, 644,  36, 234, 321, 103, 269,   4, 337, 178, 767, 851, 843, 591, 803, 149, 586,1194, 278,  34, 823, 936, 829, 893, 648,1082,1139, 917, 494, 908, 173,
 801,1049,  65, 911, 929, 435, 151, 606,  48, 746, 101, 907, 683, 338, 614, 706, 553, 353, 766,   4, 323,1033, 868, 241,  75, 613, 541, 912, 275,  60, 195, 545,
  64, 296, 290, 399,1009, 512,1027,1090, 630, 732, 909, 698, 508, 520, 833, 850, 798, 403, 320, 743,  24, 411,1035, 568,1054,1169, 434, 498, 557, 277,  11,1172,
 899, 523, 650, 313,  43, 984, 573, 854, 883, 665, 564, 268, 198, 768, 132,1036, 814, 189, 956, 929, 421, 177, 147, 146,1197,  23, 597, 235, 465,1074,  39, 815,
 150, 764, 659,1002, 618, 639, 249, 317, 691, 344, 310, 765, 887, 584, 506, 441, 901, 819, 859, 371,1134, 528,1073, 127, 507,1141,1110, 532, 527, 861, 677, 558,
 460,   7, 309, 162, 229, 192, 404, 748, 175,  14, 369, 375, 872,  37,1041,1165, 248, 965, 597, 637, 491, 903, 156,  91, 769, 713, 363, 435, 193,1050,1170, 867,
 249,1000,1049, 704, 496,1180, 515, 722, 210, 882,  62, 401, 709, 830, 381, 277, 447,1109, 760, 452, 451, 620, 246, 942, 114, 716, 312, 947, 403, 338, 147, 726,
 402, 744, 170, 321, 551, 835, 992, 596,1060, 975, 258, 769, 691,1104, 373, 899, 829,  87, 319, 622, 581, 160,1191,1116, 181,1119, 262, 992,1076, 989, 531,  86,
 665, 125, 707, 570, 354, 887, 524,1021, 642, 605, 306, 826, 740, 214, 958,1035, 955, 879, 881, 220, 601, 880, 347, 434, 289, 758,  19, 644, 162, 174,  69, 276,
  28,  29, 308, 785, 846, 839,  91, 158,  42, 518,1159,1020, 913,  54, 998, 328, 964, 936, 411, 828, 850, 524,1135, 288, 393, 679, 879, 131, 228,1162,1147,1134,
 836, 876, 307,   4, 233, 152, 792, 619, 938, 501, 593, 809,1157,1185, 119, 121, 381, 187, 581, 934, 493, 981, 754, 953, 912, 268, 230,  39, 263, 519,1003, 157,
 843, 856,   3, 392, 743,1161, 508,1093, 761, 971, 863, 132, 360, 879, 876,  70,  81,1164, 267, 969,1004, 700, 466, 802, 259, 255, 801, 870, 392, 323, 313, 351,
 665, 575, 201,1199, 843,  19, 371,1060, 545, 314, 645, 763,1081, 906, 988, 983, 191, 218, 771, 896, 499,1122,  31, 589, 827,1050, 176, 503, 672,1129, 564,1196,
  31, 426, 983, 950, 518, 992, 505,1141, 475, 998, 559,1023, 950, 151, 240, 877,1163, 655, 985,  65, 792, 197, 608, 719, 262, 591, 236, 670, 271, 691,  13,1080,
  34, 326, 743, 252, 265, 658, 427, 189, 123,1121, 712, 292, 566,1093, 698, 702,1113, 952, 306,1083,   1, 268, 296,   3, 247,1075, 458, 214, 457, 984, 592, 994,
 690,1066, 526, 887, 580, 602, 490,1078, 184, 586, 672,1021, 169, 579, 714,1194, 351, 497, 327, 807, 578,1118,  58, 843, 431, 997, 643, 441,  85, 786, 798,  83,
 786, 639, 368, 382,1091, 507, 221, 105,  68, 651, 113,1055, 903, 550,1156,1064, 841, 129, 158, 688, 243, 766, 920, 852, 533, 332, 960,1089,1111, 310, 596,1009,
 260,  65, 979, 202, 236, 473, 980, 614, 363, 117, 987, 933, 908,  96, 920,1144, 423, 673, 897, 488, 353, 783, 550,  18,1095, 321, 505, 317, 322, 959, 208, 845,
 915, 843,1006, 827, 758, 941, 716, 397, 742, 598, 797, 623, 372, 560,1161, 486,1160, 303, 977, 949, 713,1091, 796,1112, 538, 297, 159, 792, 801, 720, 186, 860,
 753, 569, 283, 480,  64, 842,  96, 936,1051,1166,1007, 749, 758,1041,  21, 294, 764, 264, 625, 692,   4, 978, 496, 696, 605, 474,1085, 710, 979, 535, 145, 773,
 237,1157, 844, 324, 218, 597, 461, 611, 714,  59, 770, 986, 803,1116, 948,1168, 338, 404,1071,1144, 107, 653, 603, 166, 600, 352, 477, 415, 602, 387, 884, 999,
  83, 801,1134, 406, 834,1159, 433,1163, 541, 946, 502, 857, 208, 699, 533, 243, 984,  25, 818, 573, 731, 775,1189, 877, 893, 461,   6, 866, 199, 632, 126, 665,
 652, 592, 148, 402,  73, 860, 680, 451, 213, 633, 742, 319,1080, 790, 737, 529,  23,1164, 616, 127, 318, 828, 766,1156, 909,1065, 386,  38, 996, 152, 364, 223,
 759, 494, 812,1052,  92,  40, 587, 492, 188, 383, 100,1030,1168,  84, 186, 924, 145, 414,  22,1100, 956, 798, 331, 300, 364,1156, 445,1058, 326, 423, 121, 205,
 102, 865, 729, 648, 282, 565, 268, 693, 517, 776,  98, 867, 302, 359,1067, 779, 398, 987, 123, 580, 193, 406,1004,1153,1079, 391, 582, 201,   2,1011, 822,1006,
  83, 515, 553, 803, 686,1074,1194, 386, 974, 178, 649, 797,1019, 512, 159, 197,1160, 681, 709, 805, 579,  46,  37, 784, 464, 638, 233, 433, 202,1171, 307, 167,
1153, 837,  55, 817, 376,1028, 607, 806, 773, 834, 238,1027,1063,1029, 769, 695, 104,1171,1157, 544,1178, 164, 831,1001,  99,1107,1010, 975,1082, 697,  65, 473,
 240,1088, 367, 875, 136, 942, 366, 652,  36, 217,1097, 565, 576, 395,1169,  26, 178,  76, 880, 369, 238, 450,  15, 103,1132, 249, 687, 926, 654,  89, 915,  68,
 435,1195, 209,1112, 235,  67, 385, 360, 123,  75, 232, 925, 182, 928, 856, 272, 109, 924, 475,1038,1007, 470, 194, 226, 931,1136,  43, 377, 814, 673, 939, 138,
 630, 833, 176, 763,  44, 979, 704,1125, 427,  58, 165, 369, 865, 932, 224, 805,1139, 372, 290, 641, 630, 764, 795, 431, 336, 355, 938, 302, 160,1135, 518,1062,
 358, 748, 791, 531, 984, 769, 800,1049, 829,  17, 765, 199,  85,1078,1173, 503, 646, 930, 551, 109, 114, 184, 918, 465, 440, 328,  70, 346,   8, 285, 481,1056,
 749, 701, 869,  67,1088,1166, 245, 645, 990,  30,1112, 463, 471,1095, 879, 934, 805, 559, 472, 675, 819, 661,1161, 774, 877, 156, 341, 838, 427, 952,1005, 940,
 141, 615, 701, 107, 538, 252, 330, 795,  89, 357,  54, 143, 489,1147, 871, 140, 715,  93, 340, 907, 919, 159,1140, 323, 800,1126, 389,1150,1159, 458, 604, 464,
1083, 868, 658, 609, 669, 885, 285,1119, 756, 914, 499,  44, 446,  66, 368, 187, 536,  72, 610, 913,  50, 851, 188, 462, 417, 437,1182, 955, 180, 919,1053, 504,
 281,1165,1128, 448,  30, 468, 974, 863, 579,1018, 271,1142,1039, 888, 347, 640, 721, 446, 234, 923,1162, 150,  32, 168, 642, 680, 513, 917, 573, 467,1066, 325,
 399, 164,1164,  62, 315, 194, 571,1155, 515, 221, 109, 263, 414, 612, 562, 318, 274, 869,1130,  12,1176,   6, 460,1025, 684,1190, 102, 291,  14, 306,1035, 429,
 167, 858, 239,1003,1120, 883, 904,  48, 850,1045, 719, 725,1158,1002, 261,1072, 242,  82, 845,  11, 994, 357, 762, 287, 152,  33, 514, 394, 933,  20, 657, 808,
 109, 261, 123, 743,1107,  80, 857,1085,1158, 477, 898, 692, 574, 551,1089, 253,1142, 216, 880, 821, 723, 420,1164, 663, 383, 444, 631, 998, 142, 952, 703,1166,
 646, 154, 462, 769, 885, 479, 533,  21, 167, 252, 471, 300, 456, 603, 291, 930,1051, 605,1168,1087, 770, 715, 968,1024,1174,1004, 874, 288, 937,1019, 570, 676,
 690, 574, 528, 863,  54, 850, 124,1138, 518, 450, 953,  32, 334, 706,  65,  58,1101, 595,1089, 483, 422, 250, 924, 325, 848,  57, 658, 911, 421, 311, 754, 380,
 372, 567, 672, 912, 660, 654, 138,1025, 853, 559, 540, 522, 249, 889, 539, 686, 506, 358, 913, 610, 181, 818, 695, 104, 172, 966, 752,1000, 112, 755,  36, 139,
 760, 936,  54, 694, 956, 748, 904, 911, 294, 237,  93, 867, 901, 494, 791, 489, 571, 225, 579, 731, 721, 344, 765, 905, 401, 980, 602, 359, 166, 454, 530,  64,
 654, 972,  82, 621, 487, 269, 401, 114, 588, 774, 357, 205, 287,1155, 622,1108,1189,1038, 616,  45, 433,1194,  52, 274, 488,1153,1017, 468, 547, 346,1030,  61,
1101, 802, 348, 253, 194, 451,  56, 697,  29, 968, 670, 721,1094, 829, 449,1039, 627, 214, 750, 256, 400, 312, 810, 613, 118, 456, 338, 418, 273,1173, 349,1037,
 661, 797,1197, 192, 115, 404,1182,1050, 581, 824,1164, 536, 781,  33,1075, 578, 216, 480,1084, 331, 632, 308, 787, 200, 199,1135, 353,1066, 898, 111, 811, 183,
  73,   6, 630, 327, 802, 644, 978, 779,   8, 525, 201, 949, 229, 365, 831, 777,1152, 391,1043,1124, 284, 787, 594, 961,1151, 233, 651, 600, 507, 130,1181, 335,
 181, 690,1130, 472, 246,  54, 478, 870, 444,  74, 235,  23, 171, 636, 422,1102, 572, 593,   5,1037, 848,1047,1160, 313,1198,1192, 180, 493, 317, 145,1195, 501,
 899, 995,1124, 592, 731, 744, 941, 638, 167, 160, 629, 326,1121, 739, 545, 567, 943, 206, 111, 552, 922, 343,1136, 293,1143, 783, 226,1049, 542, 776, 839, 200,
 346, 244, 929, 149,  58,  62, 335,  89,1034, 942, 498, 866, 949, 877, 946, 637, 417, 116, 375, 136, 307, 944, 439, 979,  71, 150, 120, 547, 523,  88, 995,   9,
 110,  16, 545, 620, 605, 290, 379, 778,1061, 608, 688, 388, 843,1024, 632, 819, 897, 830, 589,1064,1137, 266, 193,  74, 387,  38, 584, 158,1023,1012, 626,1028,
 174, 204,1143, 455, 385,1085, 965, 424, 188, 818, 355, 479, 374, 202, 663,  71, 502, 421, 125, 103,1121, 964,  41,1100, 613, 578,1193, 443, 485, 929, 666, 543,
1164, 572, 790,1027, 960, 370, 966, 914, 900,  51, 270,1107, 502, 820,  73, 220, 889, 998, 963, 725, 455, 865, 680, 816, 382,1162,1005, 662, 673, 590, 437, 951,
 494, 737, 373, 180, 158,1043, 971,  47, 983, 784,1074,  35, 343, 482,1113, 442, 831, 989, 336, 142, 275,1067,1046, 295, 361,1184, 780, 730, 339, 587, 954, 895,
 578, 814,1008, 868,   3, 227, 846, 582,1117, 617,1103,1196, 757, 316, 991, 893, 560,1054, 802, 601, 420,1043, 506, 990, 143, 960, 426, 119, 122, 146,1071,  59,
 788, 622, 785, 423, 608,  83, 753, 629, 581, 270, 401,1184, 400,   1, 535, 371, 586,1040,1062, 809, 639, 430,  14,1139, 187, 995, 696, 566, 239,  78, 950, 841,
 130, 695,1010, 760, 725, 577, 710, 210, 234,1149, 993, 512,1123,1188, 434,  50,1054, 950, 614, 332, 779, 165, 264, 387, 925,1131, 858, 322, 701, 598,1141, 716,
 593, 680,1108, 262, 199, 674,  99, 627, 295, 914, 126,  34, 490,  31,1135,1057, 522, 885, 594, 773,1144, 195, 923, 348, 388, 416,  48,1181, 385, 379,  46, 459,
  42, 966, 285, 264, 813, 950, 154, 628,   4, 527, 548, 780, 760, 646,1083, 900,  57, 401, 670, 575, 439,1148,  94, 648,1032,  55,  18, 899,1064, 472,  22, 373,
 859, 497, 917, 391, 878, 710, 476,  98, 704, 892, 905, 978,1052, 289, 510, 563, 449, 549, 494, 684, 711, 771, 706,1126, 692,1069, 906, 247, 342,1055,1098, 281,
1183, 890, 167, 513, 548, 607, 616,1032, 711,1068, 964, 836, 640, 135, 882, 821, 412, 252, 363, 368, 888, 796, 926, 718, 634, 453,1138, 918, 534, 372, 303, 970,
   8, 463, 222, 992,1170, 703, 288, 466, 481,  41, 177, 157, 266, 649, 337, 106, 115,1102, 110, 521, 816, 294, 736,1015,  80, 681, 997, 432, 440, 556,1145, 745,
 164, 539,  91, 122, 127, 349, 314, 470, 308, 769, 718,1191, 863, 762, 590, 339, 956,1009, 277, 519, 834, 229, 981,  43, 366, 190, 645, 931, 998, 892,  28, 781,
 852,  42, 436,1071, 634,1156, 500, 237, 862,1120, 117, 689, 370,1012, 351,  56, 974, 611, 626, 137, 833,1079, 776, 668, 245, 176, 877, 864, 595,1073, 182,  40,
 578, 621, 433,1077, 709, 113, 646, 499, 193, 241,  94, 356, 794,1048, 828, 398, 533,  66,1088, 599,1113,1165, 305, 255, 376, 415, 402, 238, 381, 857, 609,1109,
 655, 683, 856, 121, 664,1008, 259,1132, 544, 236,1016, 546, 431, 148,1017,1101,1119,1123, 970, 334, 316, 623,1029, 967, 300, 542, 491, 171, 669, 656, 267, 248,
 131, 759, 559, 129,  57, 996, 375, 887, 531, 642, 377, 664, 230,1084,1067, 726,1058, 406, 297, 886, 876, 203, 853,1072,1155, 625, 896,1004,1199, 219, 161, 257,
 870,  12, 393, 861,  88, 118, 244, 305,1024,1081, 973,1091,1026, 191,  25,  76,  75, 650,  84, 282, 208, 427, 292, 835, 384, 170, 855,  49, 462,  97, 537, 671,
 797,  37, 742, 175, 804,   7, 516,1070, 114, 723, 916, 141, 298, 977,1129,  69, 939, 213, 155, 540,1060, 140, 720, 972,1010, 659,1111, 958, 712, 985, 660,1096,
 565,1178,1133,1180, 896, 727, 250, 910, 284, 124,1033, 738, 700, 209,1174, 585, 822,  91, 383, 365,  87, 108, 631, 428, 947, 741,1013, 976, 583, 825,1059, 345,
  18, 339, 164, 110, 113, 174, 418, 666, 263,  40,  43, 842, 451, 879, 845, 933, 387, 214, 243, 534, 332, 719, 366,1087, 246, 544,1153,1056, 349,1198, 853, 263,
  46, 322, 330, 534,  52,1118,1091, 765, 422,1145,1028, 459, 428, 483, 386, 382,  23, 789, 434, 813, 231,  42, 934, 777, 196,1014, 712, 931,1036, 135, 687,1116,
  70, 287,  25, 219, 167, 760, 391, 281,  42, 258, 582,  84,  22, 259, 252, 577,  66, 163, 474, 517, 470,1093, 340, 571, 555, 309, 692,  25, 276, 462, 336,1101,
 445, 484, 647, 840, 570, 771,1133, 555, 344,  42, 620,  73, 427,1052, 852, 636,  60, 363, 950, 761, 818, 372, 778, 755,1144, 773, 839, 752, 736, 730, 741, 694,
 408, 398, 208,1049, 331, 748, 385, 471, 426, 850,  33, 521, 791, 611, 627, 941, 412, 804,1017, 741, 950, 734,  52,1019, 834, 354, 663, 880,1074,  30, 440, 310,
 148, 616,1011, 344, 515,  41, 348,1180, 559,1000, 428, 742, 553, 660,  31, 530, 827, 800, 456, 888, 454, 459,1035, 897, 261, 796, 464, 985, 248, 961, 708, 383,
  88, 652,  43,  81, 210, 294, 914, 966, 859, 598, 371, 462, 153, 562, 787, 454, 596, 573,  63, 142,1005,   7, 576, 324,  81, 166, 282, 721, 418,1135, 747,1023,
 346,1057, 790, 799,1007, 537, 103,1004, 883, 527,  26, 972,1171, 754,1177, 477, 159,1058, 121, 424,  71,1082, 658,1169,1108, 769, 318, 591, 422, 267,1164, 107,
 461,  36, 379, 735, 268, 358, 135,1050, 389, 884, 705,1170, 818, 780,1141, 498,  16, 493, 794, 218, 675, 572, 910, 601, 586,1148, 958,1022,  89,   3, 955,1160,
  82,   3, 639, 355,1174, 312, 427, 590,   7, 505, 753, 319, 844, 419, 980, 351, 112, 421,1053,  30, 112, 269, 299, 446,  24, 817, 873,  11, 553, 734, 447, 625,
 300, 312, 260, 954, 795, 852, 853,1113, 636, 299, 997, 419, 581, 459, 597, 117, 179, 887, 810, 130,1110, 875, 812,1046,  36, 199, 654, 209, 495, 644, 224,1067,
 511, 631, 887,1186, 590, 486, 985, 126, 643, 867, 499, 210, 600, 719, 343,  19,1006, 697, 814, 997,  19,1080, 240, 591,1194,1059, 896,1124, 738, 995,1015,1121,
 149, 525, 188,  86, 829, 857,1029, 189,1176, 646,1066, 274, 502, 993, 967, 272, 249, 324, 964, 396,  85, 896, 516,1111,1039, 778, 386, 640, 243, 457, 353,1002,
1004, 274, 288, 743,1090, 170, 876,  67, 889,  88, 641,  16,1165, 898,1197, 234, 573, 809, 381, 233, 246, 293, 823,1093,   4,1198, 933, 521, 765, 195, 730,1024,
 249, 727,  82, 825, 400, 695, 276, 619, 447, 358, 877, 241, 885, 238, 548,1025, 657, 276, 469, 537,  37, 836,1109, 717, 341,  76, 752,1094, 181, 976, 163, 831,
 109, 272, 835, 860, 146, 162, 313,  80,  19,1156, 936, 592, 193, 456, 667, 339, 710,1037, 617, 959, 387,  86,1028, 502,  75,1036,  34, 758, 266, 305, 235,1142,
 465, 377,  15,1021, 127, 405, 602, 246, 218, 163,1061, 997, 573, 178,1192, 624, 438, 635, 486, 186, 394,1050, 739, 861,1008, 529, 726, 881, 897,  33, 513, 531,
 160, 714, 888, 577,1184, 656, 662,  31, 661,1096, 838,1138, 476, 589, 602, 251,1001, 183, 122, 178, 386, 857, 941,  39, 364, 871, 352,1005, 930, 116, 275, 456,
 212, 103, 463, 385, 872,1102, 633, 925,1032,1079,1021, 681, 977, 517,1166,1153,1196, 998, 707, 552, 139, 826, 645, 725, 289, 890,  23, 631, 834, 968, 319, 793,
1023,1089, 802,  26, 783, 335, 621, 109, 420, 538, 330, 629, 706, 431, 213,1007, 146, 479, 886, 954, 842,1096, 274, 626,  39, 666, 448, 590, 261, 370, 566, 491,
 336, 638,1048, 621,1122, 878, 416, 896, 814,  26, 426, 849, 915, 223, 218, 866, 842, 211, 234,  47, 828,1045, 397, 940, 533,1083,1026, 899, 226,  34, 154, 886,
 463, 391,1163, 813, 949, 227, 167,1100, 622,1049, 544,1104, 334, 279,1189,  96, 602, 642, 179, 561,1079,  94,1176,1181, 811, 455, 753,  89, 306, 219, 171,1184,
 261, 854, 341,  96,  76, 583, 122, 693, 533, 933,1081, 440, 749, 587, 541, 607, 774,1026,1156,1161, 661, 395,  48,  78, 720,1054,  62, 817, 966, 771,1046, 364,
 611, 712,  84, 985,  30,1027, 644, 697, 520, 132, 248, 165,1159,1109, 968, 663, 556,1002, 884,  97, 918, 913,  70, 775, 148, 326, 909, 528, 318, 292, 776, 819,
 431, 637, 186, 721, 825, 140, 908, 514, 247, 582, 734, 944, 119, 535,1090, 354,  59, 446, 747,1035,1086, 174, 768, 803, 653, 107, 384, 280, 323, 386, 460, 145,
 571, 742, 384, 185, 196, 958,  37, 636, 979, 761,1030, 928, 626, 824, 432,1105, 787, 792, 167, 614, 120,   2, 714, 230, 107, 522, 835, 393, 106, 981,  99, 294,
1186, 165, 428, 946,  73, 526, 503, 474, 340,1036,1033, 556, 855,  94,  13, 895, 665,1058,  88, 588, 634, 782, 767, 101, 555, 149, 148,1000, 662, 537, 169, 787,
 867, 345,1021, 713,1013, 804,1111,1122, 621, 642,1192, 569, 702, 574, 157, 994, 450,  47, 948, 467, 472,1019, 437, 733, 840, 602, 861, 255, 468, 147, 578, 264,
  10, 654,1090,   5, 870, 628, 290, 785, 863, 781,1181, 832, 101,1022, 815, 286, 383,1059, 685, 123, 465, 244, 203,1127,  15, 506, 566,1186,  26, 500,1097,1145,
 343,  46,  77, 776,1091, 740, 620, 370, 939, 185, 228,  14, 360, 931,1156,  50,  28, 683,  74, 546, 569, 121, 208, 686, 184, 473,  66, 924,  56, 877, 445,  61,
 958, 933, 632, 292, 684, 666, 602,  40,1052, 453, 673, 828, 845,1144, 530,1082,1011, 468, 129, 345, 719,1159, 892, 311,1107,1043, 172, 934,1106, 321, 317, 992,
 306,  35, 687,1039,  85,1066,  36, 773, 876, 671, 372, 782, 437, 239,1078, 809, 103, 956, 111, 205, 505,1138,1132, 501,1001, 117, 397, 676, 864, 401,  41,1012,
 341, 227, 236, 247,   2, 256, 906, 265, 128, 966, 818, 241, 642, 445, 768, 216,   8,1199, 137, 363, 570, 151, 428, 583, 252, 501, 771, 816,1127,1134, 597, 160,
 410, 485, 790, 681,1094, 122,  35, 613,1024, 214, 426,1017, 257,1073, 721, 845,1127, 788, 818, 256, 490, 529, 648, 653, 631, 938,1104, 897,  31, 343, 903, 361,
 283, 390, 433, 878,1076, 676, 345,1084, 938, 661,1003, 225, 779, 759, 244, 723, 597, 402, 998, 736, 366, 128,1003, 299,1015, 687, 238, 245,1103,1060,1075,1187,
1170,  99, 609,1130, 554, 833, 145, 802, 979, 418,1160, 992, 104, 904,  49, 857, 277, 381, 955, 370, 466, 584, 146, 623, 457, 671, 175, 939, 408, 570, 678, 916,
 335,1165, 376, 736, 131, 504,1160, 386, 584, 365, 669,1177, 576, 147, 290, 143, 886,1181, 455, 101, 427, 236, 323, 314, 385, 642, 990, 555, 821, 464, 180, 187,
 622, 335,1056, 589, 728, 640, 905, 347, 975, 684, 644, 957, 680, 303, 216, 854,1072, 670, 677,1063, 175, 776, 803, 360, 191,  11, 825, 421, 937,  37, 910, 476,
 775, 292,1045, 397,1078,1144,  23,1126, 125, 335,  72, 520,1116,1013, 101, 465, 630,  40,1139,  39, 106, 485, 673, 840, 162, 168, 711, 300, 911, 819, 150, 164,
1120, 334,1196, 888, 108, 847, 429, 326, 662, 430,  29,  88, 496,1032, 929,  83, 533,1177, 344, 922,   0,1113, 863, 877, 998, 293, 912, 327, 725, 377, 158,1111,
 161, 103, 719, 320, 117, 262, 344, 251, 587, 713, 313, 468, 541,1081, 976, 542, 929, 358, 800, 855, 269, 972, 585, 124, 538,1091, 338, 149, 208, 523, 944,  94,
 286, 241, 995, 246, 210,1013, 288,1184,  96, 294, 233, 449, 583, 739, 656, 948, 579,1166,1044, 610, 219,1116, 168, 480, 734, 766, 357, 970, 550, 281, 960, 673,
1098,1046, 943,1055,1073, 163, 938,1194, 611, 317,1060, 218, 913, 282, 931, 283, 122, 109, 643, 774, 326,1148, 593, 702,1030, 586,  63, 675, 129,1089, 918, 563,
 751, 308,1018, 869, 321, 540, 451,   3,1048, 946, 463, 504, 924, 941,1123, 849, 674, 423,1040, 307, 890, 500, 869, 394,1072, 799,   8, 856,  32, 688,1112, 647,
  13,  62,1080, 483, 564, 700, 793,1150, 857, 397, 698, 374, 970, 361,1163,1026, 284,   6,1137, 160, 436,  41, 432, 346, 853,  29, 309, 808, 863,1090, 794, 527,
 996, 721, 795, 161, 979,1192,1099, 362, 523, 187, 481, 164,1129, 839,1171,  65, 264,  81, 220,1078, 544, 935, 802, 226,1063, 657, 201, 372, 199, 608, 276,  82,
 640, 718,  97, 186, 849, 415, 107,1029,1169, 682, 776, 102, 373, 505, 458,  91, 504, 447,1127, 482,1131, 481,1182,1130, 472,1123, 600,1034, 450, 697,  69,1018,
 791, 216, 892, 714,1108,1145, 784, 470, 914, 168,1087, 471,1186, 964, 920, 152,1014, 951,  53, 844, 700, 690, 489,  12,   9, 605, 480, 114,1157,1178,1049,1010,
 290, 404, 234, 227, 642, 592, 203,1152, 547, 971, 540, 434, 430,1139, 684, 959, 599,  30,  90, 139, 126,1067,1170, 743, 542, 305, 627,1132, 442, 769, 741, 914,
 833,   6, 311, 371, 414, 416,1083, 469, 646, 910, 699,1108, 135, 519,1127, 645,1174, 913, 867, 759, 247, 200, 379, 415, 620, 502, 617, 380, 503, 774, 588, 487,
 997,1069,  51, 280, 829, 152,  28,1008, 365, 932, 153, 742, 708,  25, 160,  44,1030, 320, 547, 887, 799, 346, 999,1174, 521, 757, 117,1188,  41,1166,  62, 892,
 321, 482, 779,  67, 427,1183, 866, 614, 704, 167, 607, 235, 121, 596, 974, 650,  95, 498, 436, 337,   6, 901,   8, 579, 585, 750, 262,  71,1045, 758, 220, 193,
 216,  33, 230, 660, 198, 721, 898, 148, 953, 254, 630,1199, 598,1072, 200, 394, 158, 440, 400, 137, 245, 786,1058, 633, 997, 437, 242, 209, 197,  87, 773, 905,
1069, 348, 960, 267,1003, 194, 871, 956,  68,   1, 386, 229,1103, 397, 771, 736, 260, 154, 966, 760, 345, 358,  92, 964,1109, 792,1025, 136,1149, 875,1084, 852,
 854, 769,  80, 494, 631, 657,1156, 268, 495, 507, 844, 543, 247, 315, 780, 298, 581,  36, 420,1136, 409, 112,  67, 544, 404, 632, 433, 272, 456, 403,  43,1193,
  44, 359, 862, 654,1158, 353,1106, 978, 149, 877,  57, 295, 808,1040, 232, 181, 314, 492,  22, 883, 681, 669,1068, 599, 499, 373, 442, 949, 118,1033,1148,  54,
 485, 444, 707, 745, 372, 886,  66, 250, 688, 960,1015, 623,1040, 469, 462, 103, 600,  38,  48,1027, 422, 179, 919, 709, 676,  78, 961,1129, 591,   0, 496, 754,
 198, 814, 596, 971, 539, 657, 703, 857, 109, 127, 863, 659, 402,  89, 545, 611, 916,1190,  23, 942, 214,1028, 464, 520,  16,1089,1128, 670, 486,1155, 560, 113,
 220, 529, 160,1149, 791, 277, 739,1141, 304, 219, 400,1100,1117, 889,1077, 950,  46, 119, 312, 330, 963, 939, 332,1135, 599, 365, 935, 287, 745, 975, 982,1104,
  69, 630, 788, 493, 279, 116, 825, 817,  24, 601, 561, 674, 543, 926, 376,1162, 838, 615, 549,1164, 223,1168, 843, 720, 100, 781, 743, 254, 342,1185, 846, 797,
 726, 775, 595, 195, 963, 895, 403, 440, 967, 597,  27,1035, 650, 573, 494, 267, 195,1112,1040, 458, 613,1080, 811, 710, 699,  18, 809, 984, 693, 907, 860,1044,
1056,1073, 429, 965, 783, 923, 366, 499, 534,1029, 294, 249,1133,1121, 533, 725, 419, 379,1071, 553, 434,1153, 222, 433, 713,1021, 768, 893,1143,   8, 679, 138,
 237, 387,1074,  84, 840, 349,  49,  32, 812, 214,   6, 559, 389, 747, 760, 467,  79, 267, 974, 385,1026,1120,1189,1085, 879, 779, 904,1051, 188, 288,  93, 731,
 485, 833,1008, 266, 699, 794,  42, 301, 563,1006,1140, 323, 648, 253,1004, 800, 680, 842, 695, 583, 880,  65,1119, 664, 977, 259, 612,  58, 347,  98,1050, 159,
 446,  87, 123, 926, 166, 618, 952,1136, 194, 866,1120, 797, 976, 718, 710, 889, 112, 784, 858,  68, 608,1010, 557, 210, 401, 645,  56, 628,  29, 830, 182, 329,
 439, 984,1044, 789,1003, 781, 202, 913, 779, 308, 188, 579, 470, 454, 645, 588,  35, 765, 205, 855, 132,1133, 966, 330, 713, 558, 485, 490, 628, 217, 777,1124,
 191, 187, 386,1028, 798, 815, 283, 730,  68, 284, 495,  39, 315,  38, 240, 486, 470,1085,1170, 373,1078,1182, 673, 714, 256,1119, 332, 440,  61, 446,1076,1100,
 442,1062,1119, 918, 522, 468, 250,  34, 116,  48,1132, 861, 997,  95, 716, 140,1156, 227,1069, 482, 474, 963, 640, 871, 449, 346,1073, 246, 487, 273, 803, 271,
 159, 758, 235, 742,1069,1141,1033, 995, 275, 457, 363, 227, 383, 730, 639, 237, 477, 136, 588, 348, 100,1053, 380, 779, 787, 952, 948, 502, 201, 286, 772, 584,
 995, 699, 648,1120, 339, 217,1007, 290, 177, 340, 576,1013, 534, 872, 723, 220,1032, 927, 459, 318,  89,1069,   9, 282, 585,1160, 981, 563,  15, 432, 598, 141,
 359,1010, 821,1057, 951, 230,  67, 749, 997,1197, 958, 226, 671, 385, 977, 810, 208, 819,  80, 309, 686, 831, 902,1153, 402, 680,1179, 583, 856, 910,1161, 289,
 431, 679, 898,1075, 875, 837, 127,  73, 383,1077, 626,1062,1104, 285, 308, 659, 469, 324,1083, 393, 571, 778, 320, 559, 438, 953, 980, 611,1110, 870, 173, 277,
  35, 401,1119, 447, 702, 893, 182,  22, 379, 260,1034,1199, 730, 435, 818, 708, 168, 870, 161,1162,  28, 241, 521, 579, 135, 905,1196,1101,1071, 640, 757, 979,
 641,1085, 601, 980, 820,1033, 865, 349, 314, 932, 181, 748, 816,  72, 676, 660, 722,  98, 401, 545,  46, 996, 986, 118, 626,1008, 857, 636, 810,1150, 326,1095,
  67, 719,1073, 663,  99, 543, 953, 106,  70,1088, 833, 892, 858,1026, 378, 129,   7, 593,1013, 781, 141, 314, 712,  97, 924, 912,1093, 696, 363, 721, 325,1063,
 377, 796,1157, 258, 460,  49, 471, 639, 353, 186, 384,1011, 614, 633,1062, 198, 652, 592, 151, 188, 312, 934, 957, 102,1152, 180,  60, 165,1170, 772, 302, 699,
 200, 293,1046, 892, 828, 459,1072, 566, 887, 575, 861, 425, 532, 552, 234, 622,1026,  14, 943, 262, 960,1027,  56, 715, 501, 973,  14, 382,1174, 113,1074, 381,
 858, 660, 323, 241, 431,  24, 745, 839, 814, 389, 967, 570, 421,  75, 906, 741,1103, 874, 527, 238, 861, 914, 247, 261, 328, 836,1190, 494, 167, 847, 377, 746,
 784,1009, 526, 378, 720, 994, 528,  11, 435, 127, 108,1176, 924,1164, 336, 342, 440,1017, 585, 420, 557, 804,1030, 248, 138, 694,  17, 826, 161, 194, 139, 506,
 677, 783, 670, 818,1084, 171,1000, 706, 375, 745,1128,1151, 268, 787,  44, 540,  21,  69, 447, 148, 947, 497, 975,  43,1172,  25, 359, 427, 704, 242, 391, 788,
 231, 242,1188,1174, 257, 120,1129, 318, 781, 919,  47, 121, 177, 766,1048,  18, 257, 780, 313, 147, 223,   1, 190, 922, 852,1191, 174, 604,1170, 930, 821, 505,
 171, 430, 582, 991, 300,1116,1164, 846, 577, 481, 589, 609, 835,1126,1195, 142,  86, 100,1058, 912, 905,1029, 431, 659, 603,  70, 711,  52, 984,  17, 128,   4,
   6,1004, 104, 551, 940,1019,  86, 466,1171, 572, 247, 278, 946,1056, 928, 125, 978, 278, 449,  65, 976,1115, 475, 310,1055, 790, 646,1155,  22, 715, 292, 825,
 871, 244, 519, 723, 925, 620,1093, 698, 506, 726, 686, 537, 395, 416,  63, 709, 591,1173, 925, 827, 619,1165, 455, 507, 428,1025, 170,1072,1172, 234,  32, 929,
 177, 672, 430, 583, 795,  40, 700,1185, 249, 351, 266,1163, 714, 173, 274, 252, 209, 261, 413, 410, 684,  83, 104,  29,1073,  72, 200, 295, 611, 441, 328, 812,
  61, 738,  82, 914, 125, 632, 996, 722, 344, 727, 305, 387, 145, 435, 735,1059,1085, 952, 480, 894, 530, 216, 251, 442,1123, 233,1135, 820,1139, 488,1057, 935,
  72, 419, 794, 902, 246, 537, 993,   9, 195,1133, 198, 737, 645, 625, 688, 656, 846, 969,1168, 438, 743, 259, 879, 481, 677, 963, 740, 349, 597, 498,  88, 833,
 923, 689, 543,1178, 132,1065, 236, 542, 418, 942, 508, 365, 787,  49,1136, 221,1063, 685,  27, 613,1166, 367, 398, 532, 535,  45, 243, 595, 489, 791, 452, 404,
1081, 664,1014, 270,  46, 893, 524, 870, 119, 561, 774, 843, 698, 259,1001, 107, 889, 718, 354,  96, 164, 448, 158,1123,  87, 589,  89, 697, 298,1152, 551, 515,
1021, 896, 593, 411, 892, 237, 798, 263, 827, 970, 983,1080, 895,  43, 373, 492,1054, 598, 623, 834, 773, 902,  68,  91, 168, 368, 552, 162,1188, 829, 341, 850,
 433,1139, 412,  74, 727, 723, 415, 564, 183, 295, 242,1074, 494, 547, 532,   8,1107, 808,1024, 708, 675,  16, 171,1064, 985,1111, 199, 706, 683, 136,1108,1134,
 461,1145, 462, 824, 284,1083,1184,1125, 317, 580, 573, 274, 691, 955, 164, 756, 645, 872, 765, 820, 444, 524, 568, 535,  50, 229, 910, 732, 424,1094, 911, 400,
 932, 152, 240, 412, 910, 248, 707, 814, 897, 929, 665, 150, 862, 255,   9, 711, 127, 122, 780,1166, 217,1052, 544,  64, 723,1181, 564, 423, 513, 600, 490, 334,
 286, 400,  13, 551,1096, 576, 450,1117, 516, 246, 309, 126, 558, 210, 972, 822,1199,  63, 300, 426, 354, 961, 970, 867, 649,1097, 937, 971, 262, 818, 572, 990,
 861,1007, 918,  87, 180, 281, 157,1172, 951, 155,1095,1195, 199, 838, 401, 519, 417, 366, 376, 769,1051,1124,  33,  71, 140, 313, 716, 938, 369,1003, 824, 439,
 114,  34, 338, 465,1126, 762, 483, 303,1182, 899, 913, 998, 718, 661, 346, 594, 981,1091, 587,1129, 115,1194,  55, 729, 816, 307, 214, 316, 142,1180, 536, 567,
  26, 994,1150, 966, 362, 249, 813,1003,1153,1037, 737, 612, 991, 433, 169, 366, 478,  28, 404, 829, 712, 244, 947,1163,  75, 120, 131, 428, 752, 887, 926, 424,
1177,  67, 115, 120, 574,  14,1053, 968, 545, 783, 195,1186,1193,1047, 484,  87, 466,1182,  43, 151, 632, 607, 494, 447, 420, 474, 450, 269, 582, 455, 423,1131,
1137,1108,1157, 463, 295, 998,1191, 597, 903, 593, 395,1029, 850, 623, 801, 170, 154, 608, 384,  20, 578, 532, 351, 199,  34, 777, 503, 329, 666, 127, 218, 836,
 598, 754, 785, 553, 423,  44, 965, 502, 238, 387, 697, 753, 817, 878,1176,1018, 313, 732,  91, 568, 769, 383,1027,  25, 815, 130,  92, 977, 155, 629, 718, 392,
 312, 743, 721,1015, 953, 890, 214, 896, 426, 726, 617, 265, 934,1009, 148, 122, 968,   4, 732, 508, 618, 695, 573,1074, 995,1139,1156, 869,1000, 126, 250,1043,
 266, 810, 825, 814, 635, 544, 808, 446, 590,   2, 799, 441,1138,  99, 834, 507, 414, 539, 286, 564, 750, 876, 252, 129, 550, 996, 460, 688, 228,1132, 325, 172,
  50, 158, 179, 786, 343, 136, 464, 807, 187,1011, 781,1142,  16, 880, 501,1081,  94, 104, 113, 978, 103, 375,  76, 580, 709, 257, 715,1112, 475, 484,1088, 767,
1030, 832, 511, 941, 871, 886, 820, 355, 896, 509, 693, 514, 959, 634, 338, 213, 839, 268,   3, 906,1118, 270, 317, 462,1096, 411,  18,  66, 192, 795, 665, 124,
  42, 382, 916,1041, 294, 369, 500, 310, 566, 175,  41, 473, 305, 738, 578,  70,1108, 275, 546,1145, 893,1188, 353,1180, 417, 451,1033, 333,1190, 414, 761, 722,
 156,1016, 245, 930,1153, 130,  88, 853, 284, 840, 571, 358, 532, 548,1039, 940, 437, 448, 266, 409, 618, 479, 194,  50, 250,1052, 604,1136, 308, 362, 108, 883,
  82, 354, 523, 628,1161, 641, 741,   5,1135, 742, 700, 594, 957, 440, 956,1012, 209, 642,1058, 784, 471, 449, 814,1140,  59, 220, 778, 624, 744,1137, 996,  35,
1192, 780, 206, 167, 775,1068, 899, 453, 829,1141, 112, 695,1035, 189, 713,   4,1002, 560, 619, 322, 508, 327, 230, 410, 410, 426, 249, 575, 282, 562,1171, 770,
 369, 383, 754, 509,1062, 625,   7, 493, 667,  21, 558, 491, 981,1056, 842,1070, 173,1077, 479,  19, 170, 903,  96,  30,1067,  48, 278, 285,1184,1006,1173,1102,
 193, 785, 880, 708, 257, 926,   6, 176, 435, 336,1115,1103, 918, 157, 312, 681, 850, 792, 597, 163, 873, 606, 415,1128, 178,1117, 121, 556,1025, 737, 630, 565,
 334, 118, 548,1118, 973, 182, 243, 939, 182,   3, 986, 606,1122, 340, 596, 478,1019, 952, 595, 308, 591, 703, 649, 868, 234, 685,  40, 691, 274,1079, 835, 917,
 994, 908, 885, 882,1101, 621, 513, 388,  23, 464, 292, 557,   1, 190,1055,  46, 473, 472,1116, 815, 655, 337, 117, 646, 762, 434, 244, 541, 774, 119, 512, 510,
 849, 445, 618, 657, 566, 784, 213,  69, 453, 359,1119, 177, 795, 618,1131, 765, 546, 930, 975, 955, 111,1046, 280, 661, 250, 442,1069, 856,1002,1093, 375, 634,
 903, 663,1000, 596, 785,1111,  48, 314, 687, 525, 379, 158, 448, 162, 477, 587, 904,1193,  29, 838, 885,1196,1134, 644,1015,1032,1098, 236,1091, 696,1060,1157,
 613, 873,1120, 307, 487, 218, 669, 239,1164, 151, 933, 435,1130, 526, 845, 680,  68, 491, 648, 852, 999,1121,1001, 558,1194, 275,1197, 497, 942, 994, 872, 150,
 402, 966, 517, 805, 503,1039,  97, 143, 424, 339, 831,1193, 938, 855, 823, 668, 493,  51, 210,  14,1142,1005,1162, 692, 233, 972,  85, 936, 983, 389,1009, 357,
 320, 569, 141, 261, 890, 665, 850, 976, 193,1157, 690, 458,  92, 602, 485, 271, 913, 536,1161, 620, 756,  81, 746, 687, 547, 471, 284,1113, 123, 326, 109, 114,
 577, 766, 395, 275, 765, 280, 155, 954,1198,  36, 999, 979, 600, 806,1107, 652, 864, 188, 444, 944, 394,1017,  62, 418, 844, 431, 152, 719, 540, 967,1130, 865,
 270, 278, 190, 593, 883, 477, 658, 472, 483, 915, 381, 455, 300, 100, 988, 713,   2,1059,  84,1067, 458, 522,  59, 931, 147, 603, 538, 888, 260, 843, 592, 908,
 598, 399,1143, 895,1173,1024,1064, 352,  78, 319, 786, 531, 504,1071,1041, 586, 271,1035, 217, 451, 609, 958, 515,  60,1028, 860, 764, 919, 368, 881, 137, 296,
 480,1144, 139, 612, 355, 624,1186, 735,1043, 846,  76, 677, 670, 686,  10, 385,1163, 947, 181,1086,1101, 904, 873, 197, 396, 344, 348, 106, 619, 356,1168, 156,
 949, 693, 580, 860, 332, 997, 270, 180,1051, 470, 446, 303,1189, 922,1049,  20,  71, 253,1019, 828, 336,1075, 932, 359, 495, 660, 813, 360, 909, 287, 740,  80,
 811, 138, 391, 816, 280, 834,1053, 757,  79, 898, 370,1165, 643,  64, 601, 901, 218, 866, 378, 851, 671, 954, 622, 421,1102, 545, 819, 191,  57, 748, 973,1066,
 531,1060, 339, 924,1085, 420,1155, 666, 474, 105, 413, 174, 848, 429, 201, 297, 940, 859, 468, 132, 289, 884, 441, 900, 310, 710, 832, 202, 186, 616, 177, 110,
 459, 555,1159, 550, 882, 830,1005, 178, 633, 231, 343, 568,1141, 579, 539, 694, 585, 341, 656, 927, 805, 185, 488,1158, 571, 463, 756,  53, 165, 801, 653, 672,
 342, 845, 184,1160, 322, 856, 264,1023,1166,  22, 146, 111,  73,1110, 766, 989, 232, 887, 662, 712, 559, 682, 590, 915, 263, 125, 204, 749,1144, 291,  47, 701,
1197,  60,  99, 145, 235, 704, 933, 183,  55,1174, 608, 798, 176,1196, 411, 841, 914, 413,1115, 302, 549, 925, 790, 637, 796,1183, 281, 639, 627, 371, 689,1038,
 911,1037, 851, 173,1181, 245, 205, 581, 226, 907, 335,1061, 529, 331,  38, 406, 255, 166, 628, 987, 135, 374,1020, 651, 950, 398, 638,1147,1100, 763, 443, 518,
  89, 394, 275, 348,   9,1045,  53, 662, 374, 972, 428, 468, 281, 230, 874,1136, 193, 208, 784, 313,  46,1147, 309, 162,1135, 782, 681, 910, 419,  73,  78, 270,
 395, 863, 858,1102, 897,1173,1023, 317, 247, 611, 763, 665, 311, 896, 843,1119,  71,  36, 990, 514, 953, 950, 600, 132, 121, 831, 368, 472, 434, 426, 211,1113,
  93, 940, 387, 177, 699, 277,1114, 639,   4, 342, 366, 703,  70, 116, 936, 835, 164, 470, 155, 583, 525, 420, 272, 980, 599,1001, 153,1111, 893, 691, 947,  67,
1030, 979, 676, 710,1197,1160, 301, 544,1075,1084,1066, 178, 424,1184, 820, 398, 245, 109,1096, 672, 448, 307, 473, 443,1049, 701, 430,1145, 281, 247,1071, 541,
 400,  80, 955, 356, 574, 621, 149,1186, 118, 133, 699, 545, 199, 405, 709,1006, 315,  85, 958, 484, 176,   4, 480, 422,1025, 926, 540, 723, 700, 988, 796,  41,
 406, 216,1039,  33,1031, 892, 801, 918,1134,1038, 237,1001, 110, 471, 631, 753, 172,  46, 149,  38, 285, 214, 585, 634, 406, 448, 728, 330, 255, 336,1079, 479,
 576,1068, 791,1179,  80, 188, 287, 247,1073, 443,1198, 661,1080, 954,  80, 751, 718, 167, 698, 465, 268, 342, 406, 665, 696,  32, 659, 707,  20, 900, 212, 932,
 246,1198, 472, 728, 349, 648,  94, 970, 866,1127, 446, 653,1175, 228, 202, 774, 993, 937, 186,1051,1072,1013, 315, 332,1060, 123, 132, 120, 481, 244, 963, 258,
 464, 756, 379, 639,1128,  45, 500, 907, 526, 138, 317, 311, 538, 645,1029, 947, 975, 349, 159, 697, 660, 745, 392, 528, 190, 810, 339, 119, 696, 664, 924, 711,
 365, 404, 129,1193, 485, 450,  69, 139, 819,  64, 167,1069,  76, 814, 166,1182,1065, 779, 215,  98, 477, 373, 556, 912,1073, 283,1076,   5, 590, 908, 127, 790,
 513, 344, 688, 593, 865, 806,1169, 494, 680, 743, 671, 978, 386,1146, 929,1012, 833,1195, 380, 259,  85,1129, 862,1059, 970, 835, 745, 509, 816,1084, 792, 306,
 418, 203,  24, 281, 315, 489, 363,  50, 313, 660, 291,1114, 440,1027,1083, 402, 904, 475, 311, 656, 233,1031, 359, 164, 581, 913, 889, 455, 415,1039, 615, 115,
 365, 691,1162,1138, 637,  83, 718, 421,1080, 793, 945, 395, 366, 268, 144, 834, 226, 456, 616,1197, 692, 359, 543,1060, 882, 355, 900, 648, 656,1099, 110, 742,
1193, 334,1031,1043,  95,1166,1045, 508, 412, 892,1119, 496,  18, 962, 647, 759, 144, 367,1033, 635, 901, 323,  10, 780,  48,1015, 183, 151,  72,1123, 418, 609,
1133, 842,1075, 829, 346, 801, 405, 368, 709, 441, 531, 858, 214,  25,1068, 658, 136,1047, 633, 444, 781,1136, 789, 769, 436, 515, 990, 967,  49,1126, 546, 621,
 207, 511, 141, 704,  14, 254, 616,1176, 761,  40, 333, 135, 357, 613,1118,1037, 157, 491, 962, 271,1192, 821, 538, 928, 296, 356, 614, 534, 989,1181, 841, 668,
 100,1181,  22, 986, 666, 515,1032,  71, 311,   8,1164, 190, 472,  28, 238, 638, 866, 371, 923, 226, 505, 560, 423, 869, 798, 821, 259, 563, 359, 170, 785, 585,
 949, 648, 512, 177, 229, 654,1091, 195, 373,   3, 652,1168, 966, 684,1150, 705,1046, 282, 963,1144,1116, 279, 673, 416, 139, 887, 917, 181, 883,  14, 923, 161,
 689, 707, 671, 951, 669,1091, 418, 998, 187,1198, 652, 651, 611, 145, 726, 984, 975, 941, 564,1091, 895,1131, 510, 592, 944, 122, 884, 704, 912, 104,1122, 482,
 457,  85, 188, 673, 740,1161, 813, 622, 818,  57, 707,1024, 114, 554,1002, 553, 812, 846,1199, 425,  49,1010,1074, 943, 526,1016, 421,1029, 366, 653, 502, 176,
 161, 232,1071, 259,1144,1010, 595, 680, 852, 583, 724,1009, 998,1158, 420, 350, 286, 158, 501, 766, 392,1134, 166,1042, 900, 646,1142, 578, 377, 712, 913, 239,
 458,1197,1100, 789, 412,  22, 825, 617,  35, 525, 258,1053, 976, 627, 780,1194, 929, 911, 331, 864, 586, 521, 838,1141, 940, 363, 749,  10,1035, 102, 297, 574,
1030, 931,  52, 363, 897, 204, 763, 853, 292, 285, 569, 885, 110, 896, 400, 770, 432, 220, 333, 582, 289, 365, 610, 512, 113,1028, 496, 814, 546, 794, 283, 855,
 834, 300, 112,1139, 523, 789, 210, 781,1167,1056, 554, 479, 874,  90,  91,1128, 621, 856,1174, 973, 531, 191,1102, 539, 623,1078, 995, 375, 298, 180, 189,1154,
 389,1072,  19, 607, 470,1035, 544, 233,  45, 667,  22, 358,1146, 183, 586, 685, 773, 435,1006,1191,1069,1070, 548, 888,   2, 710, 442, 189,  63,1011,1165, 953,
 915, 241, 489, 108, 914, 383, 523, 136,  97, 954, 744, 791, 646, 905, 179, 837,1002, 895, 476, 826, 322,1009,1198, 303,  29,1026, 761,1067, 726, 783,1034, 751,
1101, 700, 390, 376, 479, 271, 979, 977, 228, 536, 122, 115, 625,  88, 305, 495,  35, 201,1003,1183, 461, 960, 746, 391,  65, 373, 666, 966,1087, 293, 577, 111,
 771, 385, 507,1048, 833,1199,  18, 890,  87, 566, 451, 600, 972, 876,1043, 192, 277, 703, 754, 798, 238, 663, 125, 353, 713, 262, 737, 548,  96, 540, 971, 882,
 632,1076, 790, 547, 538, 951, 201,1147, 186, 997, 405, 392, 851, 308, 669, 692, 641, 474, 296, 652, 153, 542, 570, 326, 628, 777,1133, 954, 581,1013, 738, 575,
1155, 350, 884, 407, 799, 295, 943, 351, 390, 124,1129,1173, 491, 425, 105,  59,1170,   7,1000, 968, 580, 213, 555, 629,1019, 416, 230,1161, 430, 784, 304, 449,
 449, 893, 117, 578, 448, 623, 223, 764,1151, 774, 257, 234, 158, 922, 170,1098, 343, 885,  47,1041, 462, 202, 565,1055, 106, 236, 843, 579, 670, 514, 589,1017,
 955, 865, 490, 289, 728, 184, 408, 243, 276,   9, 211, 217, 129,1015, 748, 322,1086,  68, 942, 299, 209, 839, 675, 381, 584, 153, 270, 250, 388, 593, 130, 848,
 399,1164, 278,1058, 454, 466, 121,1092, 316,1120, 349,1108, 781, 938, 389,1031,1090, 929, 574, 253, 619, 566,  32, 331,1094, 205, 505, 298, 191, 393, 220, 525,
 347, 252, 795, 146, 220,1049, 573,1033,1157,1074, 152,1079,  43, 217, 314, 266,1067, 103, 400, 843, 994, 706, 738, 310,1167, 627, 965,1097, 674,1051,  86, 712,
1182, 905,  29,1062, 161,1016, 180, 737, 236, 712, 724,1020, 928, 126, 890, 944, 544, 956, 215, 782, 984,1124, 989, 591, 145, 303, 321,  97, 784,1047,  89,  16,
 931, 826, 305, 825, 566,1046,  68, 438,1099, 934, 354, 492,  51,   6, 915, 828, 197, 117, 976,1189, 993, 679, 165,  81, 337, 973,  44,1168, 504, 229, 407, 536,
 397,1008, 181,1183, 880, 407,1144, 171, 226, 790, 737,1156, 926,1023, 529, 125, 860, 453, 596, 411, 142, 431, 870, 856,  17, 243, 943, 287,  66, 140,1027, 987,
 983, 440, 874, 720, 788,1112, 997,  90, 383,1174, 593,1046, 498,1048, 425,1065, 356, 196, 916,1003, 464, 889, 118, 552, 322, 884, 367,1195, 348, 942,1016, 316,
 664, 289, 808, 876,1011,1098, 316, 792, 177, 537,1155, 494, 363,1120, 705, 490,1196, 573, 671, 261, 114, 638, 290, 263, 351, 279,1150,  15,  71, 105,1091, 604,
 151,1150, 304, 572, 597, 473, 608, 458, 371, 626, 559, 722,1147,1092, 682, 369, 391, 382, 291,1099, 899, 201, 726, 284,1103, 405, 783, 991, 335, 302,1165, 384,
 144,1100, 140, 717,1063, 966, 695, 381, 330, 212, 162, 256, 353,1019, 318, 375,1198, 536, 369, 587, 213, 659, 920, 143, 959, 580,   1, 573, 292, 680,1193, 261,
  43,1173, 914, 162, 480, 586, 439, 235, 676, 428,1117,  52, 236,  23, 861, 165, 748, 635,1179, 126, 401, 808,1077, 224, 183, 585,1007, 385, 732, 689, 340, 221,
 550,  63,1076,1030,  48,1103,1011, 188,1140, 393,1009, 766, 281,  87, 919, 617,1190, 837, 554,  45, 294, 721, 728,1061, 915,  42, 348,  72,1191,1132, 237, 360,
 427,1017, 264, 283, 460,1070, 804,  92, 243, 227, 706, 880, 432,1003, 356, 367, 360,1096, 881, 850, 106, 910, 150, 452, 598, 698, 727, 431,  30, 564, 123,  55,
 713, 861, 109,1157, 681, 513,1104, 662, 933, 955, 424, 684, 434, 728, 703, 307, 714,1113, 845,  17, 185, 423, 133,1083, 242, 139,1174, 507, 936, 654, 472,  34,
 591, 207, 374, 293, 530,1111, 111, 735, 687, 414, 775, 885, 607, 919, 300, 595,1139, 661, 406, 636,1180, 167, 398, 218,1175, 596, 702,1149, 487, 786, 122, 925,
 156, 516,1194, 981, 844, 912, 504, 888,  50, 539, 528, 460,  78, 333,1199,  14,  52, 297, 389, 626, 818,  44, 477, 598, 476, 425, 867, 312, 620,  56, 463, 822,
 574, 862, 545, 522, 672,1195, 468, 518,  99, 609, 194,  28, 690, 990,1153, 390,  51, 903, 105,  70, 601, 113, 148, 961, 143, 678,  64, 871, 126, 551, 519, 805,
 998,  71, 523, 939, 819, 567, 694,1196, 464, 446, 801, 127, 630, 918, 579,1185, 729, 512, 919, 194, 787, 115, 350, 124,1039, 772, 129, 549,1182, 845,1054, 608,
 501,1087, 308, 368, 610, 633, 153,1121,1166, 182, 741,1059, 446, 899, 639, 958, 175,1175, 795, 196,  33, 451, 243,  13, 651, 688, 515, 355, 979,1053, 985, 444,
 826, 587, 635,1045, 761, 204, 537, 701, 697,1018, 470, 244,1118, 945, 438, 562, 700,1023, 161, 346, 646, 660, 991, 133, 510, 657,  46,1169, 613,  47,1180,1178,
 751,  29, 985, 257, 197, 996, 389, 506,1038,1063, 274, 497, 142, 909, 655, 336,1055, 519, 478,  76, 144, 249,1163,1081,1062,1007, 565,   7, 765, 513, 625, 550,
1016,1166, 761, 464, 370,1189,   9, 256, 486, 838, 255,  45, 179,1114,  84, 816, 602, 155, 527, 778, 461, 862,   2, 495, 752, 324, 237,1076, 205, 319, 836, 762,
  34, 445,  78, 859,   4,1066, 139, 393,   6, 666, 251, 980, 718,1005, 415, 245, 981, 709, 140,  50, 339, 369, 387, 727,  69,1188, 587,1101, 858,1140,1125, 744,
 738, 489,  89, 525,1164, 995, 685, 741, 857, 743, 967, 535, 355, 428, 522, 729, 706,1116, 248,1146,1184, 486, 723,1160, 615,1170, 829, 655,  82, 171, 334, 382,
 721,  43,  77, 911, 312, 645,1162, 156,1044, 835, 897, 947, 710, 264,  75, 417,  61, 460,   4, 199, 174,1191, 402,1095, 837, 269, 946, 891,  40, 986, 493,  21,
 220, 194,1028, 755, 950, 730,  79,1093,1134, 867,1064, 341, 612,  82, 457, 556, 842, 896, 683, 852, 587, 891, 755,  62, 455,1130, 996, 401, 136, 274, 295,  68,
 150, 917, 763, 437, 988, 255, 687, 228, 929, 811, 145,1042, 859,1171,1096, 796, 934, 719, 102, 836, 404, 547, 620, 338, 350, 594, 898,1068, 637,1041, 412,1151,
 853,1097, 784, 265, 849, 207, 445, 158, 824, 993, 860, 314, 987,1175,  61, 632, 693,1071,1159, 347, 887, 858, 582, 157, 407, 785,   3, 258, 394, 571, 154, 906,
1114, 163,1084,1080, 426, 375, 285, 377, 679, 462, 868, 422,1025, 433,  74, 488, 589,1137,1126,  73, 429,1030,1024,1107, 865, 640, 769, 454,1058, 141, 870, 649,
  46,1119, 473, 343, 316, 714, 152, 459, 287,1001, 991, 107,1181,1136, 225,1047, 138, 538, 318, 994, 561, 924, 137, 212,1168,  13, 427, 903, 399,1075, 759, 750,
 501, 975, 119,1052, 535, 770, 938, 734, 988, 450,1032, 104, 302, 332, 661, 969, 442, 405, 941,  57, 567,1062,1187, 879, 820, 803,1152, 466, 866, 206, 497,1088,
 787,1142, 430, 357, 560, 471, 730, 414, 978,  92, 875, 461,1085, 503, 282, 240, 121, 187,  25, 795, 594,  99, 492, 983, 878, 622, 517, 806, 352,1057, 930, 827,
 439, 508, 570,1131, 592, 831, 696, 603, 821, 325, 423, 273, 575, 131, 952, 715, 733, 841,  20, 182, 772, 716, 777, 328, 459,1064, 252, 524, 807, 999, 830, 921,
 253, 751, 587, 214, 369, 205, 470, 554, 379, 835, 203,1017,1064, 144,1051, 497,1026,1153,  60, 849, 141, 662, 682, 740, 345,1114, 743, 410,  38,1128, 103, 733,
 619, 167,1015, 659, 593, 583, 558, 513,  50,1055,1110, 760, 172, 495, 784, 725,1068,1048, 321, 628, 892, 523, 441, 617, 225, 771,  96, 144, 945, 188, 775, 461,
 580, 272, 865,  23,1119,1106, 759, 430, 750,  69,  53, 462, 644, 415, 610, 796,1033, 339,1117, 267, 456, 425, 997, 738,  38, 748,1008,  28,1100, 499, 358, 885,
 777, 858, 584, 922, 532,1174, 255, 671, 868, 632, 193, 343,1133, 804, 136, 436, 347, 295, 454, 520, 226, 743,   1, 689, 862, 264, 219,1115, 905, 301,  82, 101,
 633,  88,1049, 292,1049, 332, 560,  27, 874, 696, 358,1084, 536,1107, 372, 201, 303,1109,  43,1071, 300,1155, 875, 952, 203, 693, 661,  91, 309, 235,1045, 755,
 710,  53, 173,1096, 465,  57, 829,1170, 639, 877, 711, 150, 386, 105,1068, 823, 841,  73, 334, 113, 940, 385, 639, 625,1009,1159, 715, 437,1101,  58, 664, 904,
 422, 901, 301, 996, 397, 750, 859, 830,1178, 564,1186, 776, 591,1001,  97, 950, 689, 190, 275, 660,1119, 585, 595, 685, 828,1020,1185, 594,  53, 424, 800, 832,
1061, 930,  40,  93,1067,  76, 426, 448, 321, 215, 345,  30, 967,  52,   8, 731, 872, 145, 280, 195,  78, 785, 579, 768,  92, 407,  87, 222, 568, 851, 887,  79,
  14,  66,1091, 284, 347, 336,  57,1184, 472, 712, 425, 879, 121,  65, 365, 736,1005, 155, 279,  99, 794, 677, 370, 991,  63, 244, 825,1061, 931, 532, 642, 956,
 163,  32, 236, 304,  46,1186, 783, 445,1196,  24, 802, 403,  60, 638, 888,1167, 622,1130, 899, 680, 375, 709, 371, 417,1164, 395, 646, 469, 978, 681,1038, 724,
 467, 112, 180, 992, 419, 208, 893, 147, 570, 420,1019, 817,1149, 630, 217, 114, 607, 914, 286, 252, 898, 918,  39, 726, 157, 849, 331,1173, 355, 232, 213, 412,
 924,1163, 378, 342,1142, 299, 138, 364, 804, 381, 525, 627,  31,1028,  16, 275, 553, 408, 403, 450,1092, 973,1097, 257,1148,  62, 205,1158, 104, 476, 684,1032,
 126, 977, 601,  55, 252,1145, 507,1110, 274, 179,  32, 405, 288, 181, 249, 772, 357, 649,1078, 402, 776, 615, 866, 177, 771, 559, 390, 245, 428, 631, 522, 859,
 739, 757, 815, 644, 697,1063, 760, 344,1047, 267, 966, 852, 451, 694,  45,1058,1074,1108,1004, 106,1114,  90,1094, 807, 470, 619,1127,   6,  94, 149, 561,1183,
  32,  22, 857, 233,1090, 300, 128, 654, 695, 744, 459, 943, 466, 544,1139, 873, 751,   8, 574, 498, 725, 946, 586, 533, 558, 320, 701,1189, 728, 846, 520, 379,
 425,1117, 951,  78,1008, 256,   2, 457, 806, 555, 588,1005, 840, 137,1131, 549, 370,  54,1141, 251,1048,1098,1188, 732, 886, 146,1081, 669, 891, 974, 890, 650,
 167, 800, 541,  61,1197, 307, 907, 921, 931, 507, 994, 347, 947, 258,1179,1061,1004,1099, 727, 728,  34,   7, 343, 602, 314, 147,  98, 406,1027, 129, 320,  48,
 665, 113, 583, 718,  29, 182, 568,1135, 282, 447,1085, 714,1115, 677, 367, 146,1151, 866, 772, 372, 685, 463, 916, 440, 132, 518,1092, 700, 555, 154, 633, 721,
 153, 781,  10, 467,  36, 402,1127, 291, 948, 815, 557,1130, 194,1033, 393,1073, 285, 102, 504,  63, 599,  41, 735, 325, 961, 788, 619, 964, 179, 117, 344, 690,
  25,1146,  95, 254,  42, 362, 679, 874,1088, 672,1075, 662, 340, 501, 527, 799, 790, 873, 494, 308, 178,1044, 767, 734,1176,  47,1047, 203,1077, 496, 744, 374,
1169, 304, 399,1182, 912,1165, 266, 333,  29, 886,1099, 353, 559, 460, 756,1077, 573, 939, 598, 666, 640,1156,1104,  23, 370, 570,  16, 898, 410, 148, 914,  42,
 843,  74, 656, 847, 934, 655, 165,1111, 485, 956, 310, 571,  64, 857,  12,   7, 800, 830, 433,1103, 541,1168,1080, 849, 322, 983, 212,1162, 256, 169, 151,  77,
 398,1106,  34, 877, 405,  55, 850,1108, 107, 421, 431,1031, 960, 480, 219, 981,1198, 173,1062, 591, 488, 803, 181, 108, 468, 338,1121, 523, 330, 702,1089, 561,
 281, 553, 757, 908, 917, 698, 708,  17, 889, 775, 759, 637,  28, 982, 547,1137,1053, 483, 293, 471, 624, 545, 356, 630,1149, 853,1070, 739, 133, 868, 453, 206,
1041,  91,1153,1068,1050, 443,1138,  54,  71, 644, 597, 655, 575, 743,1016,1010,  90, 256,  80, 131, 220, 411,  21, 679, 856, 508, 922, 301, 720, 610, 603, 387,
 158,1051, 352, 682, 609, 976,1063, 920, 349, 312,1104, 717, 397, 911, 613, 438, 228, 133, 875, 783,1117, 760, 741, 878, 272, 512,1178, 993,1186, 695,1120, 880,
 237, 139,  41,  82, 817,   4,1103, 949, 333, 620, 484, 840,1150, 296, 925,  81, 453,1049, 261, 424,1045, 442, 529, 172,1086, 647, 894,  37, 124, 477, 383,1143,
1121, 608, 750, 260, 382, 278, 350,  66, 103,1046, 294, 118, 319,1113, 964, 811, 932, 266, 632, 801, 183,1169, 509, 969,1023, 897, 842, 288, 836, 863, 854, 204,
 557, 558, 556,1140, 872,  39, 407, 321, 489, 708, 961, 279, 455, 871,  98, 174, 777, 770, 560, 105, 676, 754, 837, 335,1118, 601, 435, 193, 941,  19, 705, 337,
 751, 533,  29,1148, 688, 819, 891, 605, 634, 812,1132,1175,1021, 936, 651, 327, 921, 606, 690, 436,1061, 797, 191, 678, 422, 767, 703, 329, 143, 413, 207,  51,
 995, 617,1092,   1,  58,1193, 642, 434, 215, 493, 404,1087,   3, 916, 444, 196,1093, 811,1044, 989, 447, 957, 224, 116, 395, 736, 883, 487, 511, 965, 269, 674,
 906,1050, 681,1026, 779, 403, 185, 396, 785,1187, 878, 200, 635, 348, 944, 409, 495, 510, 926, 154,1076, 225, 361, 231, 539, 802,1177, 618, 747, 478, 253, 175,
 180, 891, 934, 831,1172,   8,1147,1149, 850,1044, 629, 716, 727,1178, 851, 496, 407, 774, 421, 883, 708, 849,   0, 763,1141,1180,1126, 875, 283,1085, 896,1040,
 961, 354, 872, 527,  80,1026, 403, 642, 650, 572,1140, 794, 394, 153, 553, 259, 159, 591,1041, 265, 190, 234, 806, 747, 902, 801,1194, 396, 107, 439, 365, 209,
 631, 656,1035,1104,1148,  61, 618, 913,1158, 791,1072, 615,1015, 250, 837,1127, 306, 666, 772, 121, 588, 323, 704,  49,1080, 684, 834, 489, 780, 927, 789, 635,
 558,  18, 460, 179,1192, 860, 844,1076,1129, 163, 495, 816, 411, 573,1169, 733, 535, 845, 225, 228,1063, 237,1175, 670,1043, 935, 819,1172, 465,1199, 435, 185,
 964, 243, 373,  20, 739,1130, 316, 389, 922, 544, 302, 673, 589, 110, 993, 186,1034, 647, 189,1002, 955, 528, 607,1073, 838, 409, 972, 294, 686, 301,1187, 657,
  41, 347, 420, 311, 363,1143, 812, 491, 674, 499, 615, 370, 261, 233, 580, 862,1070, 366,   1, 863,1056,1078, 405, 761, 900, 592, 901, 429, 757, 798, 278, 376,
1176, 773,1181, 676, 202,1082, 556, 677, 769, 328, 994, 159,  62, 521, 719, 679, 198, 812,1031, 746, 297, 938,  98,1151, 239, 445,1024, 305, 852,  74, 797, 184,
 139, 412, 846, 960,1109,  10, 364, 203, 326, 276, 287, 560, 893,1152, 577,1086, 857,  59,  65, 419, 614, 341, 131, 612, 156,1163,1093, 833, 467, 546, 907, 683,
 419, 614, 344,1198, 311, 215, 897, 400, 306, 211, 779, 583, 354, 648, 886, 975, 629,  61, 840,  92,  18,1154, 791, 395, 871, 116, 667, 581, 751, 352, 203, 112,
 199, 928,1154, 821, 832, 193, 919, 538,1170, 736,1095, 289, 987, 707, 773, 155, 217, 515, 723, 232, 998,  22, 693, 665,1102,1045, 685, 239, 109,1197, 483, 764,
 359, 443, 372, 634, 572, 568, 119,1036, 563, 271,1154, 368, 195, 246, 628,   2,1186,1094, 803, 759,  29, 531, 176, 152, 882,  10,  90, 207, 652,1004,1052,  77,
 140,1040, 762, 657, 958, 212, 838, 279, 299,1022, 133,  33, 867, 939, 555,1159, 168, 537,1166, 211,  37, 749, 809,  26, 760, 318,1138,1106, 196,  84, 231, 399,
 669, 800, 288, 751, 296,1059,  68,1115, 123, 533, 814, 872, 173, 393, 795,  85, 908, 120, 748,1029, 877,1065, 881, 260, 706, 430, 611, 854, 775,1007, 198,  36,
1136, 321, 932, 219, 746, 330, 826, 985, 171, 280, 147, 624, 132, 248, 160, 599,1066, 794,1057, 503,1001, 577, 645, 782, 458, 506,1191,1122, 258, 729,1146, 517,
 401, 310, 178, 765,1198,  13, 262, 394, 314,1053, 940, 115, 647,1097,1069, 864, 644, 686, 799,1016, 438, 554, 786, 909, 663, 210, 448,1105, 386, 874, 416, 923,
 552, 643,1135,1134, 633, 855, 991, 100, 734, 610, 902, 197, 692, 582, 984,1054,1156,  89, 566, 298, 817, 687, 229, 982, 492,1125, 542, 223, 396, 894,1042, 813,
1070, 425,1003, 383, 540, 427, 858, 842, 214, 954, 808,1025, 125, 902, 293, 391, 423, 870, 640, 397, 698,1195, 894,1013, 607,1084, 100, 807, 650, 436, 621, 388,
1122,1138, 931,  94, 170,1010, 163, 946, 805,1161,1078, 787, 508, 561, 260, 943, 349, 699, 686,  88, 815, 333,1014, 820, 725, 597,1048,1118, 730, 557, 977, 951,
 970, 589, 892, 818, 111, 377, 663, 413, 921,1042, 189, 108, 280, 361, 149, 166, 519, 565, 520,1110,1133,1128,1112, 713,1083, 904, 664, 969, 861, 304, 605, 569,
 379, 292, 256, 702, 215, 437,1006, 793, 358, 879, 758, 720, 717, 746, 810, 242, 235, 822, 572,  56,  45, 390, 792, 933,  13, 543, 414,1090,  12,  11, 606, 516,
 929, 915, 551, 889, 424, 267, 532, 422,1060, 103, 323, 164, 102, 284, 419, 884,1040,   9, 470, 848, 832, 163,1039,  35, 910,1150, 895, 340,1008, 509, 299, 215,
 776, 962, 948, 130, 827, 578, 647, 306, 873, 456, 346, 614, 802,  63, 116, 675, 461, 198,1018, 529,1087, 824,  58, 691, 717, 240,  37, 804, 826, 313,1036, 643,
 105, 444, 623, 974, 550,1000, 903, 600, 127,  60, 678, 476, 732, 109, 552, 168, 979, 317,1114, 457, 596, 971, 354,1021, 311, 350, 567,1192, 327, 469, 636,  24,
 122, 619,1094, 590, 990, 626,1123,1034,  81, 224, 218, 208, 782, 286, 474,1190, 694, 756,1012, 160, 563, 742,1022, 667, 682, 920, 957, 500, 766,   5, 241, 641,
  38, 786, 824, 999, 159, 570, 615,1133, 754,1145, 447, 142,  91, 345, 942,  12, 831, 370, 874,1176, 737, 986,1015, 276,1000, 881,  30,1050, 270,1177,1037, 844,
 912, 569, 190, 631,  52, 418, 498, 584, 728, 574, 839, 465,1112, 320, 528, 963, 980, 367, 499, 504, 767, 514, 739, 135, 731, 658, 654,1082,1031,  93, 268, 511,
 761, 126,1152, 481, 151, 247,1018, 432, 792, 230,1144, 768, 473,1160, 968, 771, 464, 527, 953, 342, 200,1157,1056,  75, 479, 714,1065, 485, 251, 222, 216, 962,
 564, 959, 369, 386,1099, 123, 521, 711, 263, 161, 602, 653,  19,  53,  72,  15,  44, 351, 456, 988,  17, 309, 187, 534, 554, 290, 876, 530, 778,  27, 324, 576,
 901, 449,  11, 502, 454, 238, 275, 588,  70, 809,1116, 616, 524,1030, 788, 733, 441, 810, 246, 153,1154, 363, 959, 758,  54, 364, 928, 192, 949,1092, 254, 408,
 828,  79, 673, 953, 101, 283, 272,1089,  32, 112,1185,1109,  39,1020,1124, 475, 745, 548, 319, 562, 525, 484,1011, 273,  26, 789,  67, 315, 992, 378, 482, 526,
 496, 541, 905, 699,1172, 211, 935, 384, 629, 740, 277, 144, 659, 452, 120, 937, 221, 490, 446,1171, 360, 948, 162,1167, 668, 823, 362,  31, 722, 753, 847,  95,
 172,  96,1079, 505, 980, 604, 329, 752, 392,  86, 755,   0, 869, 380, 927,1014, 410, 705, 486, 169, 707, 724,1105, 945, 793, 735,  83, 128, 265,1179, 227, 134
# End of WOM_finder solution for a <470,1200>/14 code
